appid,positive_ratings,negative_ratings,total_ratings,rating_percentage
10,113019,3536,116555,0.969662391145811
20,3697,677,4374,0.8452217649748514
30,2682,383,3065,0.8750407830342577
40,1161,301,1462,0.7941176470588235
50,10404,491,10895,0.9549334557136301
60,2317,598,2915,0.7948542024013722
70,52542,1865,54407,0.9657213226239271
80,12906,1388,14294,0.9028963201343221
130,7421,716,8137,0.9120068821432961
220,98588,2609,101197,0.9742186033182801
240,82558,3328,85886,0.9612509605756467
280,6226,2326,8552,0.7280168381665107
300,9761,1120,10881,0.8970682841650583
320,5827,710,6537,0.8913874866146551
340,6440,907,7347,0.8765482509867973
360,1859,641,2500,0.7436
380,14263,656,14919,0.9560292244788525
400,80314,1294,81608,0.984143711400843
420,20406,628,21034,0.9701435770657032
440,11837,979,12816,0.9236111111111112
500,29339,1251,30590,0.9591042824452436
550,395346,10429,405775,0.9742985644753867
570,12299,2094,14393,0.854512610296672
620,218189,2663,220852,0.9879421513049463
730,2823677,425587,3249264,0.869020492025271
1200,1032,177,1209,0.8535980148883374
1250,33758,1345,35103,0.9616841865367632
1510,1348,144,1492,0.903485254691689
1520,2156,349,2505,0.8606786427145708
1700,1142,164,1306,0.8744257274119449
1930,1555,507,2062,0.7541222114451989
2100,5278,513,5791,0.9114142635123468
2200,2200,103,2303,0.9552757273122015
2210,1497,227,1724,0.8683294663573086
2270,2231,135,2366,0.9429416737109044
2280,9282,355,9637,0.963162810003113
2300,4683,259,4942,0.9475920679886686
2310,7761,324,8085,0.9599257884972171
2320,2505,226,2731,0.9172464298791652
2400,2106,403,2509,0.8393782383419689
2500,864,203,1067,0.8097469540768509
2600,8805,495,9300,0.9467741935483871
2610,1045,109,1154,0.9055459272097054
2620,2990,173,3163,0.9453050901043313
2630,4459,365,4824,0.9243366500829188
2640,921,138,1059,0.8696883852691218
2820,1483,263,1746,0.8493699885452463
2870,2067,2970,5037,0.4103633114949375
2990,9526,426,9952,0.9571945337620579
3020,1284,269,1553,0.8267868641339343
3330,1732,107,1839,0.9418162044589451
3480,2762,85,2847,0.9701440112399017
3590,59718,1949,61667,0.9683947654337004
3620,991,48,1039,0.9538017324350336
3700,1624,459,2083,0.7796447431589054
3720,2623,143,2766,0.9483007953723789
3730,1676,246,1922,0.8720083246618107
3830,7621,278,7899,0.9648056716040005
3900,1712,132,1844,0.928416485900217
3910,3278,319,3597,0.9113149847094801
3920,3780,213,3993,0.946656649135988
4000,634587,21740,656327,0.9668762674703311
4500,19229,864,20093,0.9569999502314239
4560,3584,262,3846,0.9318772750910036
4570,4707,203,4910,0.9586558044806517
4580,4705,169,4874,0.9653262207632335
4700,16508,750,17258,0.9565418936145555
4720,1417,212,1629,0.8698588090853284
4760,10274,618,10892,0.9432611090708777
4850,1534,203,1737,0.8831318364997122
4920,6700,1130,7830,0.855683269476373
6000,9944,469,10413,0.9549601459713819
6020,8747,360,9107,0.9604699681563632
6030,2807,265,3072,0.9137369791666666
6060,37099,2416,39515,0.938858661267873
6120,1703,177,1880,0.9058510638297872
6200,1207,152,1359,0.8881530537159676
6220,2933,230,3163,0.9272842238381284
6310,1315,136,1451,0.9062715368711234
6550,1388,988,2376,0.5841750841750841
6800,2196,275,2471,0.8887090246863618
6830,1622,299,1921,0.8443519000520562
6850,1607,315,1922,0.836108220603538
6860,7602,497,8099,0.9386343993085566
6880,2222,1122,3344,0.6644736842105263
6900,1510,585,2095,0.720763723150358
6910,9070,483,9553,0.9494399665026693
6920,863,649,1512,0.5707671957671958
6980,1439,324,1763,0.8162223482699943
7000,2894,377,3271,0.884744726383369
7110,1028,355,1383,0.7433116413593637
7200,1389,87,1476,0.9410569105691057
7520,2012,1381,3393,0.5929855585027999
7600,1263,550,1813,0.6966354109211252
7760,2347,82,2429,0.9662412515438452
7830,2044,263,2307,0.8859991330732553
7940,11576,920,12496,0.9263764404609475
8000,3433,749,4182,0.8208990913438546
8080,1567,791,2358,0.6645462256149279
8140,3043,963,4006,0.7596105841238143
8170,1449,639,2088,0.6939655172413793
8190,33683,3542,37225,0.9048488918737407
8500,5669,1221,6890,0.8227866473149492
8600,902,112,1014,0.8895463510848126
8800,2257,77,2334,0.9670094258783205
8870,84567,4329,88896,0.9513026457883369
8930,106377,4313,110690,0.9610353238774957
9010,4753,387,5140,0.9247081712062257
9050,4517,549,5066,0.8916304776944335
9180,1077,74,1151,0.9357080799304952
9200,7752,2569,10321,0.751090010657882
9310,974,97,1071,0.9094304388422035
9350,1318,174,1492,0.8833780160857909
9420,6475,215,6690,0.9678624813153961
9450,8284,393,8677,0.9547078483346779
9480,6712,1964,8676,0.7736284001844168
10090,30447,2380,32827,0.9274987053340238
10150,5429,1360,6789,0.7996759463838562
10180,20460,1690,22150,0.9237020316027088
10220,691,1182,1873,0.36892685531233316
10500,12674,1480,14154,0.8954359191747916
10680,9692,1079,10771,0.8998236004085043
11450,3557,232,3789,0.9387701240432832
12100,8431,1388,9819,0.8586414095121703
12110,19492,1631,21123,0.9227855891682053
12120,57696,5420,63116,0.9141263704924266
12130,1230,549,1779,0.6913996627318718
12140,7050,825,7875,0.8952380952380953
12150,4538,282,4820,0.9414937759336099
12200,13617,2615,16232,0.8388984721537703
12210,61304,19748,81052,0.7563539456151607
12220,5586,2065,7651,0.7301006404391582
12320,2311,461,2772,0.8336940836940837
12360,2766,467,3233,0.8555521187751315
12710,1106,86,1192,0.9278523489932886
12810,2593,323,2916,0.8892318244170097
12830,883,430,1313,0.6725057121096725
13210,1951,241,2192,0.8900547445255474
13230,2760,72,2832,0.9745762711864406
13240,2734,79,2813,0.9719161038037682
13250,1001,67,1068,0.9372659176029963
13500,1461,247,1708,0.8553864168618267
13520,4781,1019,5800,0.8243103448275862
13530,835,232,1067,0.7825679475164011
13560,1632,237,1869,0.8731942215088283
13570,2841,198,3039,0.9348469891411648
13580,431,679,1110,0.38828828828828826
13600,1775,272,2047,0.8671226184660479
15100,9551,1877,11428,0.8357542877143858
15120,3175,557,3732,0.8507502679528403
15130,2215,329,2544,0.8706761006289309
15170,2204,303,2507,0.8791384124451536
15210,1425,211,1636,0.8710268948655256
15320,1677,188,1865,0.8991957104557641
15370,1736,132,1868,0.9293361884368309
15390,1254,147,1401,0.8950749464668094
15620,4438,627,5065,0.8762092793682132
15700,1630,147,1777,0.9172763083849184
15710,1094,60,1154,0.9480069324090121
15750,967,149,1116,0.8664874551971327
16450,2545,435,2980,0.8540268456375839
16720,1115,735,1850,0.6027027027027027
16730,1018,826,1844,0.5520607375271149
16900,4023,471,4494,0.8951935914552737
17300,8770,2127,10897,0.8048086629347527
17330,2419,441,2860,0.8458041958041959
17390,33606,3108,36714,0.9153456447131885
17410,21307,3052,24359,0.8747075003078945
17430,5005,1729,6734,0.7432432432432432
17440,1076,149,1225,0.8783673469387755
17450,7851,678,8529,0.9205065072106929
17460,13205,843,14048,0.9399914578587699
17470,14032,1276,15308,0.9166448915599686
17480,7626,1365,8991,0.8481815148481815
17710,1174,318,1492,0.7868632707774799
18500,3517,114,3631,0.968603690443404
19000,523,579,1102,0.4745916515426497
19830,1151,97,1248,0.9222756410256411
19900,8162,2396,10558,0.7730630801288123
19980,1552,405,1957,0.7930505876341338
20510,8992,1250,10242,0.8779535247022066
20530,1466,215,1681,0.8720999405116002
20540,1177,98,1275,0.9231372549019607
20570,1227,159,1386,0.8852813852813853
20900,52565,6526,59091,0.8895601699074309
20920,56043,6216,62259,0.9001590131547246
21000,3180,453,3633,0.8753096614368291
21090,6927,414,7341,0.9436044135676338
21100,3500,1408,4908,0.713121434392828
21130,3491,619,4110,0.8493917274939172
21690,16370,2409,18779,0.8717184088609617
21980,2005,351,2356,0.851018675721562
22000,3235,187,3422,0.945353594389246
22100,3913,320,4233,0.9244034963382943
22120,1809,118,1927,0.9387649195640893
22180,2226,248,2474,0.8997574777687954
22200,1523,213,1736,0.8773041474654378
22230,2444,234,2678,0.912621359223301
22300,10685,3014,13699,0.7799839404336083
22320,13540,687,14227,0.9517115344064103
22330,26016,1204,27220,0.9557678177810434
22350,1090,748,1838,0.5930359085963003
22370,20799,5958,26757,0.7773292970063909
22380,111471,4214,115685,0.9635734969961534
22600,2300,393,2693,0.8540660972892685
24010,10227,4570,14797,0.691153612218693
24240,17531,1376,18907,0.9272227217432697
24670,848,282,1130,0.7504424778761062
24720,4039,593,4632,0.8719775474956822
24740,7548,1061,8609,0.8767568823324428
24780,4593,1221,5814,0.7899896800825593
24790,4470,469,4939,0.9050415063778092
24800,2206,325,2531,0.8715922560252864
24810,2446,114,2560,0.95546875
24840,3015,723,3738,0.8065810593900482
24870,1784,553,2337,0.7633718442447582
24960,25456,4492,29948,0.8500066782422866
24980,12245,754,12999,0.9419955381183168
25000,3391,740,4131,0.8208666182522392
25800,1042,177,1219,0.8547990155865464
25830,1602,131,1733,0.9244085401038661
25890,3329,964,4293,0.775448404379222
25900,1794,181,1975,0.9083544303797468
26800,5244,338,5582,0.9394482264421354
28000,3039,1817,4856,0.625823723228995
29800,2716,706,3422,0.7936879018118059
31270,1085,141,1226,0.8849918433931484
32330,954,181,1135,0.8405286343612335
32360,3225,143,3368,0.957541567695962
32370,19165,1948,21113,0.907734571117321
32380,1006,308,1314,0.7656012176560122
32400,1647,189,1836,0.8970588235294118
32430,3716,1401,5117,0.7262067617744772
32440,12456,440,12896,0.9658808933002482
32460,1601,83,1684,0.9507125890736342
32470,21223,580,21803,0.9733981562170344
32500,2436,1554,3990,0.6105263157894737
32510,3702,244,3946,0.9381652306132793
33100,1570,77,1647,0.9532483302975107
33120,1015,79,1094,0.9277879341864717
33230,27739,3584,31323,0.8855792867860678
33320,908,420,1328,0.6837349397590361
33460,1551,783,2334,0.6645244215938303
33900,1530,295,1825,0.8383561643835616
33930,14302,1211,15513,0.9219364404048218
34010,2498,517,3015,0.8285240464344942
34030,9589,936,10525,0.9110688836104514
34190,1158,199,1357,0.8533529845246868
34830,2243,1727,3970,0.5649874055415617
34870,8320,2887,11207,0.7423931471401802
34900,5296,1603,6899,0.7676474851427744
35000,2333,265,2598,0.8979984603541186
35130,2609,218,2827,0.9228864520693314
35140,24200,975,25175,0.9612711022840119
35450,20851,1387,22238,0.9376292832089217
35700,9981,438,10419,0.9579614166426721
35720,13120,596,13716,0.9565470982793818
38400,8039,468,8507,0.9449864817209357
38410,7487,471,7958,0.9408142749434532
38420,1167,285,1452,0.8037190082644629
38600,1194,131,1325,0.9011320754716982
38700,1339,177,1516,0.883245382585752
38720,955,109,1064,0.8975563909774437
38740,1511,126,1637,0.9230299328039095
39140,16429,1269,17698,0.9282969827099107
39150,5710,760,6470,0.8825347758887172
39190,2069,546,2615,0.7912045889101338
39200,1267,490,1757,0.7211155378486056
39210,41821,5407,47228,0.8855128313712205
39500,4642,1106,5748,0.8075852470424495
39510,6019,603,6622,0.9089398973119903
39540,1275,224,1499,0.8505670446964643
39680,2355,528,2883,0.8168574401664932
39690,872,674,1546,0.5640362225097024
39800,1829,239,2068,0.8844294003868471
40100,5542,792,6334,0.8749605304704768
40300,4344,508,4852,0.8953009068425392
40390,1903,470,2373,0.8019384745048462
40700,7304,339,7643,0.9556456888656287
40720,971,159,1130,0.8592920353982301
40950,5511,277,5788,0.9521423635107118
40970,9825,253,10078,0.9748958126612423
40980,1049,186,1235,0.8493927125506073
40990,4990,532,5522,0.9036580948931546
41000,4602,300,4902,0.9388004895960832
41070,15718,2084,17802,0.8829345017413773
41500,3799,345,4144,0.9167471042471043
41700,15182,517,15699,0.9670679661124912
42670,3669,300,3969,0.9244142101284959
42700,9373,1023,10396,0.9015967679876876
42910,14387,1834,16221,0.8869366870106652
42960,10427,869,11296,0.9230701133144475
44350,6515,1427,7942,0.8203223369428355
45700,1465,141,1606,0.9122042341220423
45740,2920,815,3735,0.7817938420348058
45750,1295,647,1942,0.6668383110195675
45760,6316,688,7004,0.9017704169046259
45770,1239,344,1583,0.7826910928616551
46500,2351,275,2626,0.8952779893373953
46510,957,140,1097,0.8723792160437557
47400,712,1758,2470,0.28825910931174087
47700,481,2353,2834,0.16972477064220184
47780,13576,849,14425,0.9411438474870018
47790,2758,729,3487,0.79093776885575
47810,8808,726,9534,0.9238514789175583
47870,13852,3110,16962,0.8166489800731046
47890,19655,3341,22996,0.8547138632805705
47920,1419,713,2132,0.6655722326454033
48000,19926,1427,21353,0.9331709830000469
48110,897,1170,2067,0.4339622641509434
48190,11432,1389,12821,0.8916621168395601
48240,6002,4114,10116,0.5933175168050613
48700,103693,2342,106035,0.9779129532701466
48720,7884,1152,9036,0.8725099601593626
48800,685,737,1422,0.48171589310829815
49520,160046,8307,168353,0.950657249945056
49600,4603,219,4822,0.9545831605143095
50130,25846,1476,27322,0.9459776004684869
50300,21132,1422,22554,0.936951316839585
55100,1756,1044,2800,0.6271428571428571
55110,1520,629,2149,0.7073057235923685
55140,1752,287,2039,0.8592447278077489
55150,8023,602,8625,0.9302028985507247
55230,42647,1805,44452,0.9593944029514982
57300,14533,651,15184,0.9571259220231823
57640,1472,102,1574,0.9351969504447268
57690,6785,602,7387,0.9185054826045757
57900,3186,1419,4605,0.6918566775244299
58610,1661,530,2191,0.7581013235965313
61700,1240,222,1462,0.8481532147742818
63710,1517,207,1724,0.8799303944315545
64000,2824,381,3205,0.8811232449297972
65540,5827,644,6471,0.9004790604234276
65790,1510,201,1711,0.8825248392752776
65800,8697,641,9338,0.9313557506960806
65930,2922,1450,4372,0.6683440073193047
65980,7288,5176,12464,0.5847240051347882
67370,4981,515,5496,0.9062954876273653
70000,6729,1091,7820,0.8604859335038363
70300,5015,164,5179,0.9683336551457811
70400,5391,211,5602,0.9623348803998572
70600,2591,322,2913,0.8894610367318915
71230,1546,219,1765,0.8759206798866855
71260,983,97,1080,0.9101851851851852
71340,11778,850,12628,0.9326892619575546
72850,168324,9727,178051,0.9453695851188705
73170,1288,136,1424,0.9044943820224719
78000,2946,118,3064,0.9614882506527415
80310,896,110,1006,0.8906560636182903
91600,1657,174,1831,0.9049699617695248
91700,4481,846,5327,0.8411864088605219
92000,1097,735,1832,0.5987991266375546
92100,795,533,1328,0.598644578313253
92800,2122,95,2217,0.957149300857014
94300,1068,101,1169,0.913601368691189
94400,4596,527,5123,0.8971305875463595
95400,2659,238,2897,0.9178460476354849
96000,2840,363,3203,0.8866687480487043
96100,5901,966,6867,0.8593272171253823
97000,1211,118,1329,0.9112114371708051
97330,923,136,1059,0.8715769593956563
98200,937,108,1045,0.8966507177033493
98300,1073,122,1195,0.897907949790795
98400,2758,564,3322,0.8302227573750752
98800,3044,189,3233,0.9415403649860811
102500,10121,1365,11486,0.8811596726449591
102600,5026,185,5211,0.9644981769334101
102840,1525,352,1877,0.8124667021843367
104200,3428,594,4022,0.852312282446544
104900,15099,4463,19562,0.7718535937020754
105000,905,296,1201,0.7535387177352206
105450,23074,2423,25497,0.9049692120641644
105600,685943,13581,699524,0.9805853694798177
107100,23965,1151,25116,0.9541726389552476
107200,1851,151,2002,0.9245754245754245
107300,959,185,1144,0.8382867132867133
107310,2580,220,2800,0.9214285714285714
107410,142652,14639,157291,0.9069304664602552
108200,2302,225,2527,0.9109616145627226
108600,41950,4074,46024,0.9114809664522857
108710,23225,2427,25652,0.9053874941525027
108800,6879,1173,8052,0.8543219076005961
110800,17710,3094,20804,0.851278600269179
113020,3400,270,3670,0.9264305177111717
113200,37960,1812,39772,0.9544403097656643
115100,1975,109,2084,0.9476967370441459
115320,4800,1939,6739,0.7122718504229114
115800,2608,342,2950,0.8840677966101695
200010,1244,232,1476,0.8428184281842819
200170,3902,649,4551,0.8573939793451989
200260,27556,1348,28904,0.953362856352062
200510,30705,1804,32509,0.9445076747977483
200710,27028,1924,28952,0.9335451782260293
200900,3578,261,3839,0.932013545194061
201510,368,2124,2492,0.1476725521669342
201790,10738,727,11465,0.9365896205843872
201810,28726,3134,31860,0.9016321406151915
201870,8806,1502,10308,0.8542879317035312
202750,3285,1438,4723,0.6955325005293246
202970,10664,1957,12621,0.8449409713968782
203140,23565,2291,25856,0.9113938737623762
203160,120163,4899,125062,0.960827429594921
203750,2000,348,2348,0.8517887563884157
203770,27462,2306,29768,0.9225342649825315
203830,1365,219,1584,0.8617424242424242
204030,5405,470,5875,0.92
204060,996,268,1264,0.7879746835443038
204100,27283,4992,32275,0.8453292021688613
204120,1257,147,1404,0.8952991452991453
204180,1575,310,1885,0.8355437665782494
204240,2659,335,2994,0.8881095524382098
204300,10103,1728,11831,0.8539430310202012
204340,6973,831,7804,0.8935161455663763
204360,61596,2311,63907,0.9638380772059398
204530,1994,113,2107,0.9463692453725676
204630,1420,166,1586,0.8953341740226987
204880,8068,557,8625,0.9354202898550724
205100,46781,1294,48075,0.973083723348934
205650,1770,468,2238,0.7908847184986595
205910,2455,203,2658,0.9236267870579383
205950,3186,297,3483,0.9147286821705426
206190,8835,229,9064,0.9747352162400706
206420,48163,4917,53080,0.9073662396382819
206440,41991,1633,43624,0.962566477168531
207140,18193,1095,19288,0.9432289506428868
207170,3646,237,3883,0.9389647180015452
207320,1188,73,1261,0.9421094369547978
207350,2078,126,2204,0.9428312159709619
207490,2384,160,2544,0.9371069182389937
207690,3183,125,3308,0.9622128174123338
208140,5015,1277,6292,0.7970438652256834
208200,4602,788,5390,0.8538033395176252
208500,2083,167,2250,0.9257777777777778
208520,934,486,1420,0.6577464788732394
208580,15052,1084,16136,0.9328210213187903
208650,41038,5883,46921,0.874619040514908
208730,901,346,1247,0.7225340817963112
208750,2382,254,2636,0.9036418816388467
209000,19926,2896,22822,0.8731048987818771
209080,7582,692,8274,0.9163645153492869
209100,1635,1442,3077,0.531361715957101
209120,953,733,1686,0.5652431791221827
209160,4744,4016,8760,0.5415525114155251
209370,1500,83,1583,0.9475679090334808
209540,935,235,1170,0.7991452991452992
209650,5257,3585,8842,0.5945487446279122
209670,1493,308,1801,0.8289838978345364
210770,6510,489,6999,0.9301328761251607
210970,8940,1429,10369,0.8621853602083133
211260,1686,287,1973,0.8545362392295996
211400,6955,1817,8772,0.7928636570907432
211500,1481,196,1677,0.8831246273106739
211600,2092,166,2258,0.9264836138175376
211740,1217,76,1293,0.9412219644238206
211820,70362,6509,76871,0.9153256754823015
212010,797,268,1065,0.748356807511737
212630,2460,1227,3687,0.6672091131000814
212680,46675,2068,48743,0.9575733951541759
213330,2212,177,2389,0.9259104227710339
213610,8865,1250,10115,0.8764211566979733
213670,36017,943,36960,0.9744859307359307
213850,3095,579,3674,0.8424060968971149
214170,1988,278,2266,0.8773168578993822
214250,1406,714,2120,0.6632075471698113
214340,7030,963,7993,0.8795195796321782
214360,835,315,1150,0.7260869565217392
214490,30803,2505,33308,0.9247928425603459
214700,737,379,1116,0.660394265232975
214730,3875,227,4102,0.9446611409068747
214770,2674,180,2854,0.9369306236860546
214870,1758,519,2277,0.7720685111989459
214950,32240,5815,38055,0.8471948495598476
215160,1197,128,1325,0.9033962264150943
215280,3056,1225,4281,0.7138519037608035
215470,3751,1080,4831,0.7764438004553923
215510,1484,347,1831,0.8104860731840524
215530,5422,1066,6488,0.8356966707768188
215670,749,319,1068,0.701310861423221
216890,994,261,1255,0.7920318725099602
216910,863,289,1152,0.7491319444444444
217140,1164,556,1720,0.6767441860465117
217200,4770,278,5048,0.9449286846275753
217920,808,360,1168,0.6917808219178082
218060,1449,90,1539,0.9415204678362573
218410,2375,100,2475,0.9595959595959596
218620,315448,37911,353359,0.8927125105063123
218640,4894,1226,6120,0.7996732026143791
218680,5801,402,6203,0.935192648718362
218820,858,283,1141,0.7519719544259421
219150,56456,1469,57925,0.9746396201985326
219640,37798,7715,45513,0.83048799244172
219680,1040,246,1286,0.8087091757387247
219780,2501,506,3007,0.831725972730296
219830,2237,452,2689,0.8319077724060989
219890,10814,525,11339,0.9536996207778464
219910,1750,213,1963,0.891492613346918
219990,55206,3924,59130,0.9336377473363775
220160,1424,424,1848,0.7705627705627706
220200,75447,4114,79561,0.9482912482246326
220240,65165,7142,72307,0.9012267138727924
220260,3141,309,3450,0.9104347826086957
220440,12786,834,13620,0.9387665198237886
220660,513,688,1201,0.42714404662781014
220700,2596,157,2753,0.9429713040319652
220740,1571,159,1730,0.9080924855491329
220780,3367,227,3594,0.9368391764051196
220820,2012,378,2390,0.8418410041841005
220860,2002,300,2302,0.8696785403996524
221020,619,1666,2285,0.2708971553610503
221040,19711,4855,24566,0.8023691280631767
221100,168420,71041,239461,0.7033295609723504
221260,5151,236,5387,0.9561908297753852
221380,72107,3326,75433,0.9559078917715058
221540,1670,310,1980,0.8434343434343434
221640,16034,451,16485,0.9726417955717319
221680,9261,922,10183,0.9094569380339782
221810,1743,257,2000,0.8715
221910,33136,2758,35894,0.9231626455675043
222420,1422,193,1615,0.8804953560371517
222440,2264,128,2392,0.9464882943143813
222480,5173,780,5953,0.8689736267428187
222730,3377,942,4319,0.7818939569344756
222750,2873,401,3274,0.8775198533903482
222880,78247,6923,85170,0.9187155101561583
222940,5687,614,6301,0.9025551499761942
222980,1690,264,1954,0.8648925281473899
223100,5705,3537,9242,0.6172906297338239
223330,1125,400,1525,0.7377049180327869
223470,51988,2189,54177,0.9595954002621039
223810,1492,180,1672,0.8923444976076556
223830,2434,331,2765,0.8802893309222423
224460,3578,384,3962,0.9030792529025744
224480,6614,485,7099,0.9316805183828708
224500,2124,616,2740,0.7751824817518248
224600,1850,644,2494,0.7417802726543705
224760,8458,632,9090,0.9304730473047305
224820,1275,53,1328,0.9600903614457831
224920,1012,370,1382,0.7322720694645442
224960,2617,470,3087,0.8477486232588274
225080,30027,1706,31733,0.9462389310812088
225160,1989,193,2182,0.9115490375802017
225260,7937,496,8433,0.9411834459860073
225300,1268,195,1463,0.8667122351332878
225420,659,444,1103,0.5974614687216682
225540,63770,13521,77291,0.8250637202261583
225600,2041,920,2961,0.6892941573792638
225640,1407,431,1838,0.76550598476605
226580,1607,271,1878,0.8556975505857295
226620,895,113,1008,0.8878968253968254
226720,983,575,1558,0.6309370988446726
226840,4956,1121,6077,0.8155339805825242
226860,6026,1800,7826,0.7699974444160491
227000,2329,64,2393,0.973255328040117
227080,991,55,1046,0.9474187380497132
227100,2757,366,3123,0.882804995196926
227160,246,1108,1354,0.18168389955686853
227220,1115,143,1258,0.8863275039745628
227300,371909,9369,381278,0.9754273784482713
227580,1442,152,1594,0.904642409033877
227600,1797,210,2007,0.8953662182361734
227780,2115,201,2316,0.9132124352331606
227860,4127,2402,6529,0.6321029254097105
227940,1529,974,2503,0.6108669596484219
228200,6715,417,7132,0.9415311273135165
228260,1109,302,1411,0.7859673990077959
228280,8775,855,9630,0.9112149532710281
228300,7241,1444,8685,0.8337363270005756
228360,1536,101,1637,0.9383017715332926
228380,18555,3051,21606,0.8587892252152179
228760,985,251,1236,0.7969255663430421
230050,4385,598,4983,0.8799919727072045
230070,2189,493,2682,0.8161819537658463
230190,4472,742,5214,0.8576908323743767
230270,1870,76,1946,0.9609455292908531
230290,13113,596,13709,0.9565249106426436
230410,2578,322,2900,0.8889655172413793
230700,1290,304,1594,0.8092848180677541
230820,1892,210,2102,0.9000951474785919
231160,4138,277,4415,0.9372593431483579
231200,1745,369,2114,0.825449385052034
231330,833,296,1129,0.7378210806023029
231430,43020,10775,53795,0.7997025745887164
231740,1415,265,1680,0.8422619047619048
232010,4245,922,5167,0.8215598993613316
232050,978,481,1459,0.6703221384509939
232090,61992,7707,69699,0.8894245254594757
232430,9267,2775,12042,0.7695565520677629
232750,1387,485,1872,0.7409188034188035
232770,1921,332,2253,0.8526409232134932
232790,3344,701,4045,0.826699629171817
232890,5814,2429,8243,0.7053257309232076
232910,4193,566,4759,0.8810674511451986
233130,12287,903,13190,0.9315390447308567
233150,2763,234,2997,0.9219219219219219
233230,1059,365,1424,0.7436797752808989
233270,11410,1433,12843,0.8884217083236005
233290,8201,1282,9483,0.8648107139091005
233450,43932,4193,48125,0.9128727272727273
233470,3614,705,4319,0.8367677703172031
233550,1108,187,1295,0.8555984555984556
233610,4505,303,4808,0.9369800332778702
233720,10041,2043,12084,0.8309334657398213
233740,1858,207,2065,0.8997578692493947
233840,1193,345,1538,0.7756827048114434
233860,41067,2241,43308,0.9482543640897756
233980,4315,390,4705,0.9171094580233794
234080,4019,1033,5052,0.7955265241488519
234140,34771,3470,38241,0.9092596950916556
234190,2087,341,2428,0.8595551894563427
234270,3069,216,3285,0.9342465753424658
234630,6474,1844,8318,0.7783120942534263
234650,7528,967,8495,0.8861683343143025
234670,7484,894,8378,0.8932919551205538
235210,1439,229,1668,0.8627098321342925
235250,1271,169,1440,0.8826388888888889
235320,1244,84,1328,0.9367469879518072
235380,2542,1940,4482,0.5671575189647479
235460,18440,1283,19723,0.9349490442630431
235540,10072,2181,12253,0.8220027748306538
235600,11348,2259,13607,0.8339825090027192
235800,4036,896,4932,0.8183292781832928
236090,12055,529,12584,0.9579624920534011
236110,2019,955,2974,0.6788836583725623
236150,2042,872,2914,0.700754975978037
236370,2302,1838,4140,0.5560386473429951
236390,1216,440,1656,0.7342995169082126
236430,22812,2994,25806,0.883980469658219
236450,3707,137,3844,0.964360041623309
236510,1377,2037,3414,0.4033391915641476
236690,4395,1271,5666,0.7756794917049065
236850,60075,9757,69832,0.860278955206782
237630,4189,594,4783,0.8758101609868284
237740,2269,253,2522,0.8996827914353688
237850,2379,494,2873,0.8280542986425339
237870,3169,1912,5081,0.6236961228104704
237890,1136,444,1580,0.7189873417721518
237930,23589,1434,25023,0.9426927226951205
237990,10426,1299,11725,0.8892110874200426
238010,18070,1549,19619,0.9210459248687497
238090,13044,2924,15968,0.8168837675350702
238210,4610,238,4848,0.9509075907590759
238240,653,1286,1939,0.3367715317173801
238320,52399,1879,54278,0.9653819226942776
238370,5638,1246,6884,0.8190005810575247
238430,6673,2247,8920,0.7480941704035874
238460,46538,1357,47895,0.9716671886418207
238750,1734,949,2683,0.6462914647782333
238960,1004,82,1086,0.9244935543278084
239030,41707,1301,43008,0.9697498139880952
239070,3070,374,3444,0.8914053426248548
239120,1740,377,2117,0.821917808219178
239140,202003,10220,212223,0.9518431084283985
239160,10806,3686,14492,0.7456527739442451
239200,3629,1757,5386,0.6737838841440772
239250,2412,476,2888,0.8351800554016621
239800,1321,109,1430,0.9237762237762238
239820,31643,1540,33183,0.9535906940300757
239840,1372,476,1848,0.7424242424242424
240720,31080,6353,37433,0.830283439745679
240760,3736,800,4536,0.8236331569664903
241260,4106,423,4529,0.9066018988739236
241410,996,121,1117,0.891674127126231
241560,9145,4228,13373,0.6838405742914828
241600,13445,982,14427,0.9319331808414778
241910,1352,159,1511,0.8947716743878227
242050,39638,4726,44364,0.8934721846542242
242570,1035,441,1476,0.7012195121951219
242640,5479,1116,6595,0.8307808946171342
242680,10953,349,11302,0.9691205096443107
242700,7312,1148,8460,0.8643026004728133
242760,263107,13673,276780,0.9505997543175085
242820,1693,100,1793,0.9442275515895148
242840,1101,287,1388,0.7932276657060519
242860,23401,3406,26807,0.872943634125415
242880,2252,575,2827,0.7966041740360806
242920,24653,2820,27473,0.8973537655152332
243120,2092,471,2563,0.8162309793211081
243200,1482,171,1653,0.896551724137931
243450,995,193,1188,0.8375420875420876
243470,20943,7932,28875,0.7252987012987013
243800,2253,369,2622,0.8592677345537757
243930,1619,825,2444,0.6624386252045826
243950,1137,424,1561,0.7283792440743113
243970,3991,356,4347,0.9181044398435703
244030,914,728,1642,0.5566382460414129
244160,7561,995,8556,0.8837073398784479
244210,41028,3928,44956,0.9126256784411424
244430,927,128,1055,0.8786729857819905
244450,22362,2246,24608,0.9087288686605982
244710,2116,350,2466,0.8580697485806975
244730,981,109,1090,0.9
244770,1442,682,2124,0.6789077212806026
244850,71020,8552,79572,0.8925250087970643
244870,2289,252,2541,0.9008264462809917
244910,850,253,1103,0.7706255666364461
244930,1419,779,2198,0.6455868971792539
245170,15544,751,16295,0.9539122430193311
245280,3530,584,4114,0.8580456976178902
245390,991,125,1116,0.8879928315412187
245470,4558,1571,6129,0.743677598303149
245490,1238,587,1825,0.6783561643835616
245620,7059,1926,8985,0.7856427378964942
246090,592,2642,3234,0.18305504019789734
246110,811,308,1119,0.7247542448614834
246420,6891,198,7089,0.9720694033008886
246580,1797,277,2074,0.8664416586306654
246620,35028,2063,37091,0.9443800382842199
246700,1076,512,1588,0.6775818639798489
246760,926,287,1213,0.763396537510305
246840,1952,107,2059,0.9480330257406508
246900,10141,718,10859,0.9338797310986279
247000,3246,803,4049,0.8016794270190171
247020,3175,152,3327,0.9543131950706342
247080,17801,734,18535,0.9603992446722417
247240,1252,228,1480,0.845945945945946
247430,1385,222,1607,0.8618543870566272
247660,1559,713,2272,0.6861795774647887
247730,5754,8383,14137,0.4070170474641013
247950,491,1516,2007,0.24464374688589935
248310,2623,95,2718,0.9650478292862399
248390,9582,1266,10848,0.8832964601769911
248610,6741,384,7125,0.9461052631578948
248820,18015,1195,19210,0.9377928162415409
248860,3241,377,3618,0.8957987838584853
249050,7466,899,8365,0.892528392109982
249130,10204,700,10904,0.9358033749082906
249230,2403,947,3350,0.7173134328358209
249590,1284,226,1510,0.8503311258278146
249650,1614,917,2531,0.637692611615962
249680,1331,127,1458,0.9128943758573388
249870,1326,293,1619,0.8190240889437924
249990,1292,433,1725,0.7489855072463768
250050,1869,78,1947,0.9599383667180277
250110,1068,56,1124,0.9501779359430605
250180,4657,494,5151,0.9040962919821394
250260,4027,298,4325,0.9310982658959538
250320,21379,528,21907,0.9758981147578399
250340,2305,1018,3323,0.6936503159795365
250380,1029,123,1152,0.8932291666666666
250400,11184,2376,13560,0.8247787610619469
250500,1518,69,1587,0.9565217391304348
250520,3237,463,3700,0.8748648648648648
250620,3889,543,4432,0.8774819494584838
250760,11055,427,11482,0.9628113569064622
250900,157442,3488,160930,0.9783259802398558
251060,10575,1318,11893,0.8891785083662659
251110,1483,185,1668,0.8890887290167866
251130,2119,103,2222,0.9536453645364537
251150,5018,392,5410,0.9275415896487985
251170,1491,591,2082,0.7161383285302594
251290,1910,43,1953,0.9779825908858167
251470,2174,101,2275,0.9556043956043956
251570,121585,16385,137970,0.8812422990505182
251730,2093,192,2285,0.9159737417943107
251870,1209,132,1341,0.901565995525727
251990,5077,255,5332,0.9521755438859715
252030,1772,327,2099,0.8442115292996665
252110,2331,154,2485,0.9380281690140845
252330,4914,657,5571,0.8820678513731826
252350,1322,370,1692,0.7813238770685579
252410,3485,219,3704,0.9408747300215983
252450,1039,791,1830,0.5677595628415301
252470,2007,534,2541,0.7898465171192444
252490,505358,72328,577686,0.8747970350674934
252530,3497,821,4318,0.8098656785548866
252610,4741,312,5053,0.9382545022758757
252630,1351,170,1521,0.8882314266929652
252670,1904,238,2142,0.8888888888888888
252870,3135,310,3445,0.9100145137880987
252950,361720,39350,401070,0.9018874510683921
253030,1692,96,1788,0.9463087248322147
253110,3026,217,3243,0.9330866481652791
253230,31547,577,32124,0.98203835138837
253250,6668,1951,8619,0.7736396333681401
253330,1216,361,1577,0.7710843373493976
253430,5056,1282,6338,0.7977279899021773
253750,1637,85,1722,0.9506387921022067
253840,1634,172,1806,0.9047619047619048
253900,1739,283,2022,0.8600395647873392
253980,1158,379,1537,0.7534157449577098
254200,1780,652,2432,0.7319078947368421
254320,1483,168,1651,0.8982434887946699
254440,1849,197,2046,0.9037145650048876
254460,1269,67,1336,0.9498502994011976
254700,27749,2882,30631,0.9059123110574255
255070,815,375,1190,0.6848739495798319
255220,3919,1143,5062,0.7741999209798499
255280,771,311,1082,0.7125693160813309
255300,1043,136,1179,0.8846480067854113
255320,839,166,1005,0.8348258706467662
255390,1064,59,1123,0.9474621549421193
255420,1570,1878,3448,0.45533642691415316
255710,124273,9061,133334,0.932042839785801
256190,1761,1019,2780,0.633453237410072
256290,10117,824,10941,0.9246869573165158
257030,1053,152,1205,0.8738589211618257
257170,976,157,1133,0.8614298323036187
257350,5384,542,5926,0.9085386432669592
257510,20966,985,21951,0.9551273290510683
257750,2074,408,2482,0.8356164383561644
257850,11104,667,11771,0.9433353156061507
258180,1101,2008,3109,0.3541331617883564
258520,5613,768,6381,0.8796426892336624
258760,891,230,1121,0.7948260481712757
258970,4294,1072,5366,0.8002236302646292
259060,989,106,1095,0.9031963470319635
259550,2856,181,3037,0.9404017122160027
259680,3985,178,4163,0.9572423732884938
260190,1099,119,1218,0.9022988505747126
260210,1073,831,1904,0.5635504201680672
260230,17060,799,17859,0.9552606528920993
260730,1246,203,1449,0.8599033816425121
260750,1782,40,1822,0.9780461031833151
261110,2387,713,3100,0.77
261180,2775,121,2896,0.9582182320441989
261470,886,334,1220,0.7262295081967213
261530,1745,495,2240,0.7790178571428571
261640,20573,4102,24675,0.833758865248227
261760,1123,820,1943,0.5779722079258878
262060,83940,8407,92347,0.9089629332842432
262150,1046,425,1471,0.7110808973487424
262260,956,123,1079,0.8860055607043559
262280,1567,459,2026,0.7734452122408687
262830,1462,105,1567,0.9329929802169751
262940,1267,160,1427,0.8878766643307638
262960,835,234,1069,0.7811038353601497
263060,2305,625,2930,0.7866894197952219
263280,17210,2513,19723,0.8725853064949551
263300,1949,318,2267,0.8597265108072343
263620,2058,474,2532,0.8127962085308057
263760,4087,322,4409,0.9269675663415741
263980,5676,430,6106,0.9295774647887324
264200,11911,219,12130,0.9819455894476504
264710,160295,6247,166542,0.9624899424769727
264730,811,214,1025,0.791219512195122
265210,3437,320,3757,0.9148256587702954
265300,6396,4329,10725,0.5963636363636363
265330,999,318,1317,0.7585421412300684
265550,6772,2422,9194,0.7365673265172938
265610,2169,45,2214,0.9796747967479674
265890,3906,135,4041,0.9665924276169265
265930,39263,4685,43948,0.8933967416037135
266010,6532,272,6804,0.9600235155790712
266130,1574,335,1909,0.8245154531168151
266210,3059,186,3245,0.9426810477657935
266310,815,297,1112,0.7329136690647482
266410,881,184,1065,0.8272300469483568
266510,6797,727,7524,0.9033758639021797
266840,19166,1761,20927,0.9158503368853634
267530,1744,311,2055,0.848661800486618
268050,11067,2159,13226,0.8367609254498715
268130,5384,308,5692,0.9458889669711876
268400,1524,139,1663,0.9164161154539988
268500,43881,7915,51796,0.8471889721213993
268540,899,293,1192,0.7541946308724832
268650,6768,708,7476,0.9052969502407705
268750,4774,786,5560,0.8586330935251798
268850,1626,538,2164,0.7513863216266173
268870,1761,570,2331,0.7554697554697555
268910,71014,2594,73608,0.9647592652972503
269030,836,168,1004,0.8326693227091634
269050,1062,82,1144,0.9283216783216783
269190,1983,545,2528,0.7844145569620253
269210,16865,5147,22012,0.7661729965473378
269650,2067,300,2367,0.8732572877059569
269670,1865,292,2157,0.8646267964765878
269770,4074,375,4449,0.9157113958192852
269790,2743,843,3586,0.7649191299498048
269950,10933,968,11901,0.9186622972859424
270150,9161,1231,10392,0.8815434949961509
270210,4013,310,4323,0.9282905389775619
270450,2027,183,2210,0.9171945701357466
270550,6881,1019,7900,0.8710126582278481
270630,1001,168,1169,0.8562874251497006
270850,3079,674,3753,0.8204103383959499
270880,74230,2573,76803,0.9664987044776897
271240,2428,743,3171,0.7656890570797855
271500,361,787,1148,0.3144599303135889
271590,956968,177217,1134185,0.8437494764963388
271900,1516,79,1595,0.9504702194357367
272270,1204,483,1687,0.7136929460580913
272470,1154,510,1664,0.6935096153846154
272510,4916,935,5851,0.840198256708255
272600,1150,62,1212,0.9488448844884488
273500,908,131,1039,0.8739172281039461
274170,31582,2267,33849,0.933026086442731
274190,36307,1076,37383,0.9712168632801006
274230,970,356,1326,0.7315233785822021
274270,1330,202,1532,0.8681462140992167
274290,1416,547,1963,0.7213448802852777
274310,1055,272,1327,0.7950263752825923
274350,1069,65,1134,0.9426807760141094
274500,3120,126,3246,0.9611829944547134
274520,9538,527,10065,0.9476403378042723
274560,1063,421,1484,0.7163072776280324
274900,3234,498,3732,0.8665594855305466
274920,5707,1259,6966,0.819265001435544
274940,20143,2331,22474,0.896280145946427
275100,2546,404,2950,0.8630508474576272
275200,1135,97,1232,0.9212662337662337
275390,1806,117,1923,0.9391575663026521
275670,1383,213,1596,0.8665413533834586
275850,124445,48659,173104,0.7189030871614752
276810,4149,1569,5718,0.7256033578174187
277430,2877,712,3589,0.8016160490387294
277590,1200,381,1581,0.7590132827324478
278080,7220,1348,8568,0.8426704014939309
278360,10610,811,11421,0.9289904561772174
278890,1696,207,1903,0.8912243825538623
280160,7131,742,7873,0.9057538422456497
280180,1112,217,1329,0.836719337848006
280220,3206,122,3328,0.9633413461538461
280680,1774,109,1883,0.942113648433351
280790,1720,308,2028,0.8481262327416174
281610,4344,919,5263,0.8253847615428462
281640,2232,248,2480,0.9
281920,1761,199,1960,0.898469387755102
281990,74994,10274,85268,0.8795093118168598
282070,59413,3375,62788,0.9462476906415238
282140,24719,1048,25767,0.959327822408507
282210,821,929,1750,0.46914285714285714
282400,1521,394,1915,0.7942558746736292
282440,2569,381,2950,0.8708474576271187
282530,1045,211,1256,0.8320063694267515
282560,756,2212,2968,0.25471698113207547
282760,1491,169,1660,0.8981927710843374
282800,11180,697,11877,0.9413151469226235
282900,9033,466,9499,0.9509422044425729
283160,1288,139,1427,0.9025928521373511
283290,926,100,1026,0.9025341130604289
283640,12521,1269,13790,0.9079767947788252
283680,958,124,1082,0.8853974121996303
284160,90546,3178,93724,0.9660919294951134
284390,1308,60,1368,0.956140350877193
284460,1290,216,1506,0.8565737051792829
285190,5388,5693,11081,0.48623770417832324
285310,4681,291,4972,0.9414722445695897
285330,2977,412,3389,0.8784302154027737
285440,1038,64,1102,0.941923774954628
285500,1410,303,1713,0.8231173380035026
285900,22143,5993,28136,0.7869988626670458
285920,11743,1072,12815,0.9163480296527506
286000,2139,440,2579,0.8293912369135323
286040,1908,739,2647,0.7208160181337363
286160,28498,1159,29657,0.9609198502882962
286260,2122,128,2250,0.9431111111111111
286340,2253,809,3062,0.7357935989549315
286570,636,610,1246,0.5104333868378812
286690,45999,6385,52384,0.8781116371411118
287290,12424,3488,15912,0.7807943690296631
287390,38050,4885,42935,0.8862233608943753
287450,8273,531,8804,0.9396865061335756
287630,2638,469,3107,0.8490505310588993
287700,41955,4351,46306,0.9060380944154105
287980,8156,311,8467,0.9632691626313925
288160,18073,422,18495,0.9771830224384969
288470,7287,1420,8707,0.8369128287584702
289070,114991,23086,138077,0.8328034357641027
289130,10951,2040,12991,0.8429682087599107
289650,27723,10027,37750,0.7343841059602649
289950,2980,855,3835,0.7770534550195567
290080,5444,2823,8267,0.6585218337970243
290300,5436,938,6374,0.8528396611233134
290340,8040,1661,9701,0.8287805380888568
290770,2299,310,2609,0.8811805289382906
290790,1656,723,2379,0.6960907944514502
291550,2403,399,2802,0.8576017130620985
291650,10868,1598,12466,0.8718113268089203
291860,6143,396,6539,0.9394402813885915
292030,525798,13748,539546,0.97451931809336
292120,8066,2863,10929,0.738036416872541
292140,1985,1367,3352,0.5921837708830548
292410,1551,277,1828,0.8484682713347921
292730,5110,5309,10419,0.4904501391688262
292910,2431,321,2752,0.8833575581395349
293180,699,459,1158,0.6036269430051814
293760,5905,502,6407,0.9216481972842204
293780,4086,191,4277,0.955342529810615
294100,99300,1770,101070,0.9824873849807064
294810,965,80,1045,0.9234449760765551
294860,8454,860,9314,0.9076658793214516
295690,953,131,1084,0.8791512915129152
295790,4128,922,5050,0.8174257425742574
296300,4558,1463,6021,0.7570171067928916
296470,4682,244,4926,0.950466910272026
296490,2721,102,2823,0.9638682252922423
296710,1998,180,2178,0.9173553719008265
296830,896,563,1459,0.6141192597669637
296870,1716,133,1849,0.9280692266089778
296970,1923,165,2088,0.9209770114942529
297000,9193,2740,11933,0.7703846476158552
297120,900,195,1095,0.821917808219178
297130,4672,951,5623,0.8308731993597723
297860,822,219,1041,0.7896253602305475
298030,2179,94,2273,0.9586449626044875
298050,4263,1446,5709,0.7467157120336311
298110,29695,6322,36017,0.8244717772163145
298520,1009,201,1210,0.8338842975206612
298600,1140,77,1217,0.9367296631059984
298610,2104,1420,3524,0.5970488081725313
298630,12050,1304,13354,0.9023513553991314
299030,1030,100,1130,0.911504424778761
299360,1400,505,1905,0.7349081364829396
299460,963,408,1371,0.7024070021881839
299740,15649,7472,23121,0.6768305869123308
300060,569,431,1000,0.569
300380,6393,1381,7774,0.8223565731926936
300550,3990,465,4455,0.8956228956228957
300570,1457,80,1537,0.9479505530253741
301120,863,146,1009,0.8553022794846382
301520,1686,874,2560,0.65859375
301640,9795,1411,11206,0.8740853114402999
301860,2767,932,3699,0.7480400108137334
301910,5086,1720,6806,0.7472818101674993
301970,1157,99,1256,0.9211783439490446
302080,1130,290,1420,0.795774647887324
302510,20308,3335,23643,0.8589434504927462
302610,1201,78,1279,0.9390148553557467
302670,8084,2073,10157,0.7959043024515112
303210,12460,1859,14319,0.8701724980794748
303310,1909,71,1980,0.9641414141414142
303390,2106,1386,3492,0.6030927835051546
303610,1002,173,1175,0.8527659574468085
303800,848,237,1085,0.7815668202764977
304050,804,246,1050,0.7657142857142857
304240,10503,885,11388,0.922286617492097
304390,42500,21302,63802,0.6661233190182126
304410,2783,81,2864,0.971717877094972
304430,29131,1097,30228,0.9637091438401482
304530,1707,1133,2840,0.601056338028169
304650,5448,1010,6458,0.8436048312170951
304730,1604,1046,2650,0.6052830188679246
304930,6962,734,7696,0.9046257796257796
305380,929,91,1020,0.9107843137254902
305620,69513,6067,75580,0.9197274411219899
306020,7416,447,7863,0.9431514689049981
306040,1313,397,1710,0.7678362573099415
306130,77323,15032,92355,0.837236749499215
306660,1878,377,2255,0.8328159645232815
306760,1916,536,2452,0.7814029363784666
307050,1087,316,1403,0.774768353528154
307110,3048,480,3528,0.8639455782312925
307230,1643,305,1948,0.8434291581108829
307670,2512,732,3244,0.7743526510480888
307690,35568,3071,38639,0.9205207174098708
307780,23502,4118,27620,0.8509051412020275
307880,2370,1730,4100,0.5780487804878048
307960,4210,991,5201,0.8094597192847529
308420,2340,322,2662,0.879038317054846
310060,1636,216,1852,0.8833693304535637
310080,4464,266,4730,0.9437632135306554
310360,1345,52,1397,0.9627773801002147
310470,684,794,1478,0.462787550744249
310510,1259,246,1505,0.8365448504983388
310560,17540,2179,19719,0.8894974390182058
310790,945,95,1040,0.9086538461538461
310950,14362,6690,21052,0.6822154664639939
311210,46274,10075,56349,0.8212035706046248
311240,2298,368,2666,0.8619654913728432
311260,2735,1881,4616,0.5925043327556326
311290,3155,1102,4257,0.7411322527601597
311310,4871,2834,7705,0.6321868916288125
311340,8303,1729,10032,0.8276515151515151
311560,8865,1668,10533,0.8416405582455141
311690,54206,2161,56367,0.9616619653343268
311730,2511,1266,3777,0.664813343923749
311770,1173,160,1333,0.8799699924981246
311870,979,90,1069,0.9158091674462114
312520,3793,362,4155,0.9128760529482551
312530,19849,599,20448,0.9707061815336463
312610,1726,198,1924,0.8970893970893971
312660,27431,2893,30324,0.9045970188629469
312670,2890,494,3384,0.8540189125295509
312750,877,183,1060,0.8273584905660377
312780,1133,282,1415,0.8007067137809187
312840,2668,588,3256,0.8194103194103194
313010,644,1223,1867,0.3449384038564542
313020,1791,261,2052,0.8728070175438597
313120,23508,7300,30808,0.763048558815892
313160,10138,984,11122,0.9115267038302464
313340,10849,1323,12172,0.8913079198159711
313630,1850,470,2320,0.7974137931034483
313690,2846,363,3209,0.8868806481770022
313740,4054,1147,5201,0.779465487406268
313780,1149,306,1455,0.7896907216494845
314020,3573,720,4293,0.8322851153039832
314160,16005,2764,18769,0.8527358942937823
314230,1102,77,1179,0.9346904156064462
314410,2301,189,2490,0.9240963855421687
314520,857,515,1372,0.6246355685131195
314660,2164,281,2445,0.8850715746421268
314710,920,684,1604,0.57356608478803
315430,2979,770,3749,0.7946118965057348
315460,3102,319,3421,0.9067524115755627
315660,831,423,1254,0.6626794258373205
315810,1678,53,1731,0.9693818601964183
316010,1212,204,1416,0.8559322033898306
316430,1222,578,1800,0.6788888888888889
316720,1661,46,1707,0.9730521382542472
316790,4452,454,4906,0.9074602527517326
317250,1869,417,2286,0.8175853018372703
317820,1155,351,1506,0.7669322709163346
318020,1359,784,2143,0.6341577228184788
318100,886,766,1652,0.5363196125907991
318130,1774,67,1841,0.9636067354698533
318220,741,831,1572,0.4713740458015267
318230,817,209,1026,0.7962962962962963
318430,2282,448,2730,0.8358974358974359
318600,1658,555,2213,0.7492092182557614
319510,21126,1968,23094,0.914783060535204
319630,106943,3420,110363,0.9690113534427299
319910,3866,2059,5925,0.6524894514767933
320040,2336,571,2907,0.803577571379429
320140,1646,169,1815,0.9068870523415978
320240,3130,1333,4463,0.7013219807304504
320300,10348,894,11242,0.9204767834904821
321360,4805,1000,5805,0.8277347114556417
321800,1704,190,1894,0.8996832101372756
321960,2591,2266,4857,0.5334568663784229
322110,3175,246,3421,0.9280912014030985
322170,144275,9084,153359,0.9407664369225152
322190,2378,93,2471,0.962363415621206
322210,1990,159,2149,0.9260120986505351
322330,196297,7361,203658,0.9638560724351609
322500,17053,1901,18954,0.899704547852696
322520,720,354,1074,0.6703910614525139
322770,2229,217,2446,0.911283728536386
322780,2549,1522,4071,0.6261360845001228
322910,1065,486,1551,0.6866537717601547
323060,958,363,1321,0.7252081756245269
323190,55598,5269,60867,0.9134342090130941
323220,2692,280,2972,0.9057873485868102
323320,3141,239,3380,0.9292899408284023
323470,10792,1456,12248,0.8811234487263226
323580,1449,368,1817,0.7974683544303798
323720,1007,311,1318,0.7640364188163885
323850,12683,1303,13986,0.9068354068354069
324080,3195,635,3830,0.8342036553524804
324160,4875,73,4948,0.9852465642683913
324310,1259,714,1973,0.638114546376077
324510,1159,366,1525,0.76
324570,832,188,1020,0.8156862745098039
324680,1094,46,1140,0.9596491228070175
324800,14398,2002,16400,0.8779268292682927
324810,1127,213,1340,0.841044776119403
325120,1010,97,1107,0.912375790424571
325610,15468,3805,19273,0.8025735484875214
326180,778,378,1156,0.6730103806228374
326410,1964,489,2453,0.8006522625356706
326460,21914,1502,23416,0.9358558250768705
326480,3383,277,3660,0.9243169398907104
327030,4469,810,5279,0.8465618488350066
327070,3478,1403,4881,0.7125589018643721
327090,1292,1002,2294,0.5632083696599826
327220,1068,144,1212,0.8811881188118812
327410,5164,952,6116,0.8443427076520602
327860,1420,414,1834,0.7742639040348964
327890,3496,992,4488,0.7789661319073083
328070,1110,204,1314,0.8447488584474886
328080,5414,682,6096,0.8881233595800525
329050,7193,727,7920,0.9082070707070707
329130,2830,178,3008,0.9408244680851063
329430,5806,1423,7229,0.8031539632037626
329440,1419,743,2162,0.6563367252543941
329490,2054,391,2445,0.840081799591002
330390,1475,211,1686,0.8748517200474496
330580,1059,346,1405,0.7537366548042704
330830,11776,627,12403,0.9494477142626784
331440,1088,226,1314,0.8280060882800608
331480,1441,156,1597,0.902316844082655
331500,1060,173,1233,0.8596918085969181
331600,4969,1116,6085,0.8165981922760888
331670,1089,94,1183,0.9205409974640744
331690,921,247,1168,0.788527397260274
331870,2759,372,3131,0.8811881188118812
332200,3784,315,4099,0.9231519882898268
332310,8704,2603,11307,0.7697886265145485
332500,2316,2105,4421,0.5238633793259444
332570,5416,514,5930,0.9133220910623946
332800,9862,747,10609,0.9295880855877086
333250,1431,255,1686,0.8487544483985765
333420,5723,1541,7264,0.7878579295154186
333600,19933,823,20756,0.9603488148005396
333640,4060,185,4245,0.9564193168433451
333930,1097,248,1345,0.8156133828996283
333950,2868,2376,5244,0.5469107551487414
333980,2263,343,2606,0.8683806600153492
334040,587,1042,1629,0.3603437691835482
334230,25084,2924,28008,0.8956012567837761
334420,891,288,1179,0.7557251908396947
334940,1830,58,1888,0.9692796610169492
335000,1997,135,2132,0.9366791744840526
335300,42580,6624,49204,0.8653767986342574
335620,2362,393,2755,0.8573502722323049
335670,10007,399,10406,0.9616567364981742
336140,1334,59,1393,0.9576453697056713
337000,18981,6281,25262,0.7513656875940147
337320,13977,727,14704,0.9505576713819369
337340,10969,217,11186,0.9806007509386734
338170,1909,234,2143,0.8908072795146991
338390,1211,545,1756,0.6896355353075171
339200,859,186,1045,0.8220095693779904
339230,1294,757,2051,0.6309117503656753
339340,4359,788,5147,0.8469011074412279
339350,1731,60,1791,0.966499162479062
339800,21068,754,21822,0.9654477133168362
340050,1635,387,2022,0.8086053412462908
340150,1228,351,1579,0.7777074097530082
340170,1316,873,2189,0.6011877569666514
341000,3308,335,3643,0.9080428218501235
341310,1098,395,1493,0.7354320160750167
341500,956,385,1341,0.7129008202833707
341800,8245,168,8413,0.9800309045524783
341940,7969,2000,9969,0.7993780720232722
342180,5020,1120,6140,0.8175895765472313
342310,795,353,1148,0.6925087108013938
342380,1314,232,1546,0.8499353169469599
342560,3497,159,3656,0.9565098468271335
342580,2053,146,2199,0.933606184629377
342940,1209,227,1436,0.8419220055710307
343710,1179,550,1729,0.681897050318103
343860,2099,300,2399,0.8749478949562317
344040,656,1312,1968,0.3333333333333333
344760,6823,5085,11908,0.5729761504870675
344770,1858,37,1895,0.9804749340369393
344850,970,289,1259,0.7704527402700556
345180,2762,457,3219,0.8580304442373408
345260,906,441,1347,0.6726057906458798
345350,2401,612,3013,0.7968801858612679
345390,1094,136,1230,0.8894308943089431
345660,1225,348,1573,0.778766687857597
345820,1256,57,1313,0.9565879664889566
346010,36567,1655,38222,0.9567003296530794
346110,318987,70413,389400,0.819175654853621
346560,1496,81,1577,0.9486366518706405
346940,2530,409,2939,0.8608370193943519
347430,1342,279,1621,0.8278840222085133
347620,3181,202,3383,0.9402896837126811
347830,1755,184,1939,0.9051057246003095
348020,1274,461,1735,0.7342939481268012
348470,817,249,1066,0.7664165103189493
348550,3047,95,3142,0.9697644812221515
348710,2093,160,2253,0.9289835774522859
349040,44997,4794,49791,0.903717539314334
350080,9202,1172,10374,0.8870252554463081
350640,7435,1869,9304,0.7991186586414445
351100,1193,416,1609,0.7414543194530765
351290,4397,3490,7887,0.5574996830226956
351710,2340,190,2530,0.924901185770751
351920,5758,311,6069,0.9487559729774263
351970,5073,1044,6117,0.8293281020107895
351990,1425,263,1688,0.8441943127962085
352400,3367,384,3751,0.8976272993868302
352460,2388,1392,3780,0.6317460317460317
352520,4962,369,5331,0.9307822172200337
352550,645,1224,1869,0.3451043338683788
352720,4042,923,4965,0.814098690835851
353270,2631,123,2754,0.9553376906318083
353330,1007,44,1051,0.9581351094196003
353560,3116,540,3656,0.8522975929978118
353640,1910,223,2133,0.8954524144397562
354140,5130,648,5778,0.8878504672897196
354240,3179,439,3618,0.8786622443338862
354380,2047,733,2780,0.7363309352517986
355050,1553,125,1678,0.9255065554231228
355790,2133,430,2563,0.832227857978931
355980,1375,60,1435,0.9581881533101045
356040,3769,865,4634,0.8133362106171774
356190,46257,6864,53121,0.8707855650307788
356400,2829,250,3079,0.9188048067554401
356500,2279,201,2480,0.9189516129032258
356570,5472,604,6076,0.9005924950625411
356650,2305,552,2857,0.8067903395169759
357070,2045,244,2289,0.8934032328527741
357190,2727,293,3020,0.9029801324503312
357310,1838,467,2305,0.7973969631236443
357770,204,841,1045,0.19521531100478468
358090,1327,323,1650,0.8042424242424242
358130,2769,273,3042,0.9102564102564102
359050,6584,305,6889,0.9557265205399913
359310,1530,193,1723,0.8879860708067324
359320,45893,13818,59711,0.7685853527825693
359390,2188,175,2363,0.9259415996614473
359550,746556,102909,849465,0.8788543377302185
359870,10041,1009,11050,0.9086877828054298
360150,621,489,1110,0.5594594594594594
360170,5663,2444,8107,0.6985321327248057
360430,12802,10168,22970,0.557335655202438
360640,1504,160,1664,0.9038461538461539
360740,5950,189,6139,0.9692132269099202
360830,1777,460,2237,0.7943674564148413
360940,6385,1382,7767,0.822067722415347
361280,6925,589,7514,0.9216129890870375
361300,2871,415,3286,0.8737066342057213
361420,65661,6394,72055,0.9112622302407883
361550,1084,481,1565,0.6926517571884984
361800,3367,1855,5222,0.6447721179624665
361990,1232,56,1288,0.9565217391304348
362490,5950,1312,7262,0.8193335169374828
362620,4430,310,4740,0.9345991561181435
362680,8615,264,8879,0.9702669219506701
362890,65755,3014,68769,0.9561721124343817
362930,7055,817,7872,0.896214430894309
362960,6762,1011,7773,0.8699343882670784
363130,690,324,1014,0.6804733727810651
363150,2430,2233,4663,0.5211237400814926
363360,838,355,1193,0.702430846605197
363440,2042,334,2376,0.8594276094276094
363600,743,283,1026,0.7241715399610137
363680,3021,1402,4423,0.6830205742708569
363890,4362,376,4738,0.9206416209371042
363930,3287,626,3913,0.8400204446716074
364360,22820,6152,28972,0.7876570481844539
364420,2285,548,2833,0.8065654782915637
364470,5365,2099,7464,0.7187834941050375
365160,1619,327,1946,0.8319630010277492
365360,12200,1661,13861,0.8801673760911911
365450,10999,732,11731,0.9376012275168357
365590,46234,19742,65976,0.7007699769613193
365960,3211,725,3936,0.8158028455284553
366090,4612,451,5063,0.9109223780367371
366220,1225,472,1697,0.7218621096051856
366250,1789,197,1986,0.9008056394763343
366320,1525,341,1866,0.8172561629153269
366910,701,467,1168,0.6001712328767124
367270,1742,397,2139,0.8143992519869098
367450,11141,971,12112,0.919831571994716
367500,17359,2009,19368,0.8962722015695993
367520,166614,4853,171467,0.9716971778826247
367580,7183,213,7396,0.9712006489994591
367670,2027,204,2231,0.9085611833258629
368070,7093,3833,10926,0.6491854292513272
368230,4916,651,5567,0.8830608945572122
368340,9466,575,10041,0.9427347873717757
368360,7884,1556,9440,0.8351694915254237
368370,5284,602,5886,0.8977234114848793
368390,1660,84,1744,0.9518348623853211
368500,14944,3908,18852,0.7927010396774878
368620,1416,225,1641,0.8628884826325411
368730,955,186,1141,0.8369851007887817
368990,478,964,1442,0.3314840499306519
369070,977,392,1369,0.7136596055514974
369580,2016,271,2287,0.8815041539134237
369990,4408,676,5084,0.8670338316286389
370280,1542,93,1635,0.9431192660550459
370360,2648,69,2717,0.9746043430253957
370910,1442,101,1543,0.9345430978613092
371520,721,314,1035,0.6966183574879227
371660,17553,3398,20951,0.8378120376115699
371970,2033,170,2203,0.9228325011348162
372000,3550,2200,5750,0.6173913043478261
372360,2763,472,3235,0.854095826893354
373180,1931,204,2135,0.9044496487119438
373390,2095,97,2192,0.9557481751824818
373420,15051,1717,16768,0.8976025763358778
373770,3205,100,3305,0.9697428139183056
373930,3645,1138,4783,0.7620740121262806
374030,1565,797,2362,0.6625740897544454
374040,12169,2477,14646,0.8308753243206336
374280,1446,1069,2515,0.5749502982107356
374320,185619,11242,196861,0.9428937168865341
374900,1012,252,1264,0.8006329113924051
375230,2007,1806,3813,0.5263571990558615
375480,5911,265,6176,0.9570919689119171
375530,2631,267,2898,0.9078674948240165
375820,2143,120,2263,0.9469730446310207
375900,847,455,1302,0.6505376344086021
375910,3293,1419,4712,0.6988539898132428
376210,35467,7082,42549,0.8335566053256246
376300,1700,158,1858,0.9149623250807319
376870,5113,1704,6817,0.750036673023324
377160,135212,31462,166674,0.8112363056025534
377530,3812,1084,4896,0.7785947712418301
377840,6360,409,6769,0.9395774855960999
378540,4146,1240,5386,0.7697734868176754
378610,5167,484,5651,0.9143514422226154
378660,670,425,1095,0.6118721461187214
378720,2679,289,2968,0.9026280323450134
378860,8417,2038,10455,0.8050693448110952
379430,52217,11893,64110,0.8144907190765871
379720,99407,4892,104299,0.95309638635078
379980,1055,95,1150,0.9173913043478261
380150,861,229,1090,0.789908256880734
381120,1324,607,1931,0.6856551009839461
381210,334065,71835,405900,0.8230229120473023
382110,1141,461,1602,0.712234706616729
382140,2159,650,2809,0.7686009255962977
382310,5789,1254,7043,0.82195087320744
382890,891,264,1155,0.7714285714285715
382900,1679,375,2054,0.817429406037001
383120,18486,4279,22765,0.8120360202064573
383150,8597,2038,10635,0.8083685942642219
383180,2106,711,2817,0.7476038338658147
383230,997,279,1276,0.7813479623824452
383840,1144,247,1391,0.822429906542056
383870,45132,6037,51169,0.8820184095839277
383980,18147,782,18929,0.9586877278250304
384110,1846,276,2122,0.8699340245051838
384190,15968,1175,17143,0.931458904509129
384300,7577,2632,10209,0.7421882652561466
384490,2303,1290,3593,0.6409685499582521
385380,1238,290,1528,0.8102094240837696
385730,1134,631,1765,0.6424929178470254
385760,3132,2912,6044,0.5181998676373263
385800,12853,668,13521,0.9505953701649287
386070,7633,1414,9047,0.8437050956118051
386360,1074,252,1326,0.8099547511312217
386480,1243,463,1706,0.7286049237983587
386620,1622,175,1797,0.902615470228158
386880,2521,1047,3568,0.7065582959641256
386940,18796,675,19471,0.9653330594217041
387290,42130,1813,43943,0.9587420066904854
387340,2255,190,2445,0.9222903885480572
387990,67163,5250,72413,0.9274992059436842
388090,6882,531,7413,0.9283690813435856
388210,2517,52,2569,0.979758660957571
388410,8122,2402,10524,0.7717597871531737
388750,2009,170,2179,0.9219825608077099
388800,1055,161,1216,0.8675986842105263
388880,6952,551,7503,0.9265627082500333
389140,2497,118,2615,0.9548757170172084
389510,1645,123,1768,0.9304298642533937
389730,35295,7725,43020,0.8204323570432357
390520,1032,107,1139,0.9060579455662863
391040,2380,447,2827,0.8418818535550053
391220,81128,5243,86371,0.9392967546977573
391260,727,285,1012,0.7183794466403162
391540,143363,4877,148240,0.9671006475984889
391720,9649,951,10600,0.9102830188679245
391730,2435,308,2743,0.8877141815530442
392110,11624,2206,13830,0.8404916847433116
392160,7628,2565,10193,0.7483567153929167
393080,2353,1250,3603,0.6530668887038579
393380,62600,6739,69339,0.9028108279611763
393420,17889,5574,23463,0.7624344712952308
393520,2609,353,2962,0.8808237677245104
394230,2087,1202,3289,0.6345393736698085
394310,6396,1407,7803,0.8196847366397539
394360,108331,8939,117270,0.9237741962991387
394510,14839,1175,16014,0.9266267016360684
394690,10349,1219,11568,0.8946230982019364
394760,1168,448,1616,0.7227722772277227
394970,3294,130,3424,0.9620327102803738
395170,4941,348,5289,0.9342030629608622
395200,1732,401,2133,0.8120018752930145
396650,1301,63,1364,0.9538123167155426
396750,6417,1739,8156,0.7867827366356057
396900,2276,339,2615,0.8703632887189292
397060,981,180,1161,0.8449612403100775
397270,963,64,1027,0.937682570593963
397340,6688,502,7190,0.9301808066759388
397460,1025,41,1066,0.9615384615384616
397740,2135,51,2186,0.9766697163769442
397950,7775,578,8353,0.9308033042020831
398710,7182,431,7613,0.9433863128858532
398850,3174,174,3348,0.9480286738351255
399120,815,497,1312,0.6211890243902439
399670,2321,340,2661,0.872228485531755
399810,4911,1395,6306,0.7787821122740247
399820,1846,358,2204,0.837568058076225
400080,869,206,1075,0.8083720930232559
400170,1052,363,1415,0.7434628975265017
400630,3359,174,3533,0.9507500707613926
400910,8166,237,8403,0.9717957872188504
400940,1040,243,1283,0.8106001558846454
401190,1988,995,2983,0.6664431780087161
401680,1916,155,2071,0.9251569290197972
402020,1524,658,2182,0.6984417965169569
402130,680,608,1288,0.5279503105590062
402180,1826,292,2118,0.8621340887629839
402330,2572,258,2830,0.9088339222614841
402570,1227,135,1362,0.9008810572687225
402710,6825,4278,11103,0.6146987300729533
403120,1148,387,1535,0.7478827361563518
403190,5791,1538,7329,0.7901487242461455
403640,24308,3397,27705,0.8773867532936294
404540,1132,130,1262,0.8969889064976229
404590,1525,1076,2601,0.5863129565551711
404680,3144,377,3521,0.8929281454132348
405310,2922,437,3359,0.8699017564751415
405640,8920,421,9341,0.9549298790279414
405710,2049,495,2544,0.8054245283018868
405820,2105,106,2211,0.9520578923563998
405830,1485,89,1574,0.9434561626429478
405900,2928,390,3318,0.8824593128390597
406150,14137,612,14749,0.958505661400773
406290,1567,229,1796,0.8724944320712695
406350,1264,264,1528,0.8272251308900523
406550,995,41,1036,0.9604247104247104
406970,1109,318,1427,0.7771548703573932
407330,1127,100,1227,0.9185004074979625
407560,776,308,1084,0.7158671586715867
407810,1149,245,1394,0.8242467718794835
407840,1620,1379,2999,0.5401800600200066
408410,1807,187,1994,0.9062186559679037
409590,2793,687,3480,0.8025862068965517
409710,24159,6068,30227,0.7992523240811196
409720,8827,4147,12974,0.6803607214428857
410110,2369,462,2831,0.8368067820558107
410320,5128,247,5375,0.954046511627907
410340,4348,346,4694,0.9262888794205368
410710,1034,90,1124,0.9199288256227758
410850,704,345,1049,0.6711153479504289
410900,7857,744,8601,0.9134984304150681
411300,7288,2804,10092,0.7221561632976615
411370,2213,178,2391,0.9255541614387286
411560,1103,208,1311,0.8413424866514111
411830,2997,173,3170,0.9454258675078865
411960,2000,33,2033,0.9837678307919331
412450,766,543,1309,0.5851795263559969
412740,2102,499,2601,0.8081507112648981
412830,10299,274,10573,0.9740849333207225
412880,1722,899,2621,0.6570011446012972
413150,349212,6883,356095,0.980670888386526
413410,19730,662,20392,0.9675362887406826
413420,16908,583,17491,0.9666685724086673
413710,647,434,1081,0.5985198889916744
414340,38635,3425,42060,0.9185687113647171
414700,24184,2486,26670,0.9067866516685414
414740,847,761,1608,0.5267412935323383
415200,7715,711,8426,0.9156183242345122
415420,1179,76,1255,0.9394422310756972
415590,956,517,1473,0.6490156143923965
416210,834,300,1134,0.7354497354497355
416590,1106,300,1406,0.786628733997155
416600,1471,122,1593,0.9234149403640929
416680,2015,147,2162,0.9320074005550416
417290,2890,253,3143,0.9195036589245943
417880,831,341,1172,0.7090443686006825
418030,6373,2239,8612,0.7400139340455179
418070,2070,151,2221,0.9320126069338136
418180,1083,443,1526,0.7096985583224116
418240,23085,909,23994,0.9621155288822205
418340,7970,1733,9703,0.8213954447078223
418370,34567,1963,36530,0.9462633451957295
418460,28892,4282,33174,0.8709230119973473
418650,2358,123,2481,0.9504232164449818
419460,993,111,1104,0.8994565217391305
419480,2009,756,2765,0.7265822784810126
420000,1243,313,1556,0.7988431876606684
420110,9805,259,10064,0.9742647058823529
420290,16212,3260,19472,0.8325801150369762
420440,1026,173,1199,0.8557130942452044
420530,21824,430,22254,0.9806776309876876
420740,1509,146,1655,0.9117824773413897
421020,7713,1983,9696,0.7954826732673267
421040,3228,436,3664,0.881004366812227
421050,1818,309,2127,0.8547249647390691
421120,2500,122,2622,0.9534706331045004
422810,1435,437,1872,0.7665598290598291
422870,914,345,1259,0.7259729944400317
422970,4976,191,5167,0.9630346429262628
423230,6368,576,6944,0.9170506912442397
423580,2400,428,2828,0.8486562942008486
424030,5212,870,6082,0.8569549490299244
424370,31846,24981,56827,0.5604026255125204
424840,26933,1759,28692,0.9386937125331103
425220,1891,441,2332,0.8108919382504288
425580,12955,283,13238,0.9786221483607795
426000,3621,550,4171,0.8681371373771278
426790,941,118,1059,0.8885741265344664
427100,3140,1539,4679,0.6710835648642872
427190,1595,190,1785,0.8935574229691877
427250,1367,321,1688,0.8098341232227488
427290,8894,2822,11716,0.7591328098327074
427520,104824,1187,106011,0.9888030487402251
427730,12813,3757,16570,0.7732649366324683
427820,1328,219,1547,0.8584356819650937
428550,7544,455,7999,0.943117889736217
428660,2928,394,3322,0.8813967489464178
428690,9797,2968,12765,0.7674892283587936
429050,6563,1575,8138,0.8064635045465717
429660,10153,765,10918,0.9299322220186848
429720,1010,75,1085,0.9308755760368663
430210,938,372,1310,0.716030534351145
430960,6266,319,6585,0.9515565679574791
431180,1139,111,1250,0.9112
431240,27905,3006,30911,0.9027530652518521
431600,1210,159,1369,0.8838568298027758
431960,407681,8375,416056,0.9798704982021651
432020,1547,260,1807,0.8561151079136691
432350,3548,40,3588,0.9888517279821628
433100,1237,324,1561,0.7924407431133889
433170,1013,242,1255,0.8071713147410359
433340,68413,1517,69930,0.9783068783068783
433530,2164,642,2806,0.7712045616535994
433850,83543,64155,147698,0.5656339286923316
433910,1268,175,1443,0.8787248787248787
433950,5219,164,5383,0.9695337172580345
434030,1375,385,1760,0.78125
434050,2149,417,2566,0.8374902572096649
434170,3271,103,3374,0.9694724362774155
434260,1774,349,2123,0.8356099858690532
434460,1758,172,1930,0.910880829015544
434570,20298,991,21289,0.9534501385692141
434650,14062,1768,15830,0.8883133291219204
434730,2020,568,2588,0.7805255023183926
435120,2833,153,2986,0.948760884125921
435150,113954,4811,118765,0.9594914326611376
435400,6006,156,6162,0.9746835443037974
435530,3853,572,4425,0.8707344632768361
436320,1638,337,1975,0.8293670886075949
436520,1535,1236,2771,0.5539516420064958
437630,809,211,1020,0.7931372549019607
437920,7349,732,8081,0.9094171513426557
438270,1436,112,1548,0.9276485788113695
438480,1311,209,1520,0.8625
438490,2328,569,2897,0.803589920607525
438640,2584,516,3100,0.8335483870967741
438740,42222,11111,53333,0.7916674479215495
439190,1524,230,1754,0.8688711516533637
440650,3099,371,3470,0.8930835734870317
440880,1266,62,1328,0.9533132530120482
440900,40587,11043,51630,0.7861127251597908
441790,633,904,1537,0.4118412491867274
441830,893,340,1233,0.7242497972424979
441870,2585,710,3295,0.7845220030349014
442780,1189,393,1582,0.7515802781289507
443810,6151,1213,7364,0.8352797392721347
444090,7714,1582,9296,0.8298192771084337
445190,2097,403,2500,0.8388
445220,8041,840,8881,0.905416056750366
445310,658,373,1031,0.6382153249272551
445980,11260,987,12247,0.9194088348166898
446020,4751,1204,5955,0.7978169605373635
446150,1637,940,2577,0.6352347691113698
446560,1362,364,1726,0.7891077636152954
446800,7026,1512,8538,0.8229093464511595
447020,17032,1190,18222,0.9346943255405554
447040,40698,8518,49216,0.8269262028608583
447150,1712,100,1812,0.9448123620309051
447290,1640,277,1917,0.8555033907146583
447530,23136,523,23659,0.9778942474322668
447820,14347,2662,17009,0.843494620495032
448280,2196,223,2419,0.9078131459280695
448370,1084,87,1171,0.9257045260461144
448510,8906,872,9778,0.910820208631622
448780,984,282,1266,0.7772511848341233
448850,1142,67,1209,0.9445822994210091
449540,3000,375,3375,0.8888888888888888
449800,2614,477,3091,0.845681009382077
449960,7653,714,8367,0.9146647543922553
450540,12719,366,13085,0.9720290408865113
451020,4056,558,4614,0.8790637191157347
451340,7334,2970,10304,0.7117624223602484
451520,1014,181,1195,0.8485355648535565
451760,1571,64,1635,0.9608562691131498
452060,2102,283,2385,0.8813417190775681
452440,1083,42,1125,0.9626666666666667
453090,4242,273,4515,0.9395348837209302
454350,697,681,1378,0.5058055152394775
454650,19918,2870,22788,0.8740565209759522
455120,684,407,1091,0.6269477543538039
455980,1395,341,1736,0.8035714285714286
456670,3760,650,4410,0.8526077097505669
456750,7095,247,7342,0.9663579406156361
457140,70370,2614,72984,0.9641839307245423
457210,1707,74,1781,0.9584503088152723
457330,2012,1932,3944,0.5101419878296146
458710,4928,172,5100,0.9662745098039216
459220,4617,439,5056,0.9131724683544303
460120,2418,119,2537,0.9530942057548285
460790,15295,1335,16630,0.9197233914612146
460810,4074,510,4584,0.8887434554973822
460920,15215,3311,18526,0.8212782036057433
460930,39397,10031,49428,0.7970583474953468
460950,37185,617,37802,0.9836781122691921
461430,1786,934,2720,0.6566176470588235
461620,1330,127,1457,0.91283459162663
461840,2378,124,2502,0.950439648281375
461950,2396,499,2895,0.8276338514680484
462770,6074,634,6708,0.9054859868813357
462780,7270,1075,8345,0.8711803475134812
463270,1544,135,1679,0.919594997022037
463530,5075,285,5360,0.9468283582089553
464060,7002,752,7754,0.9030177972659272
464340,1025,1012,2037,0.5031909671084929
464350,1230,134,1364,0.9017595307917888
464920,10453,1895,12348,0.8465338516358925
465240,1005,177,1182,0.850253807106599
466130,1174,338,1512,0.7764550264550265
466240,1436,1083,2519,0.5700674870980548
466300,2573,149,2722,0.9452608376193975
466500,2147,859,3006,0.7142381902860945
466560,28076,3777,31853,0.8814240416915204
466860,1064,436,1500,0.7093333333333334
467520,566,441,1007,0.5620655412115194
467960,3634,644,4278,0.8494623655913979
468920,3669,425,4094,0.8961895456765999
469600,5188,914,6102,0.8502130449033104
469610,1149,356,1505,0.7634551495016612
469820,5865,487,6352,0.923331234256927
470220,20084,7484,27568,0.7285258270458502
470260,967,261,1228,0.7874592833876222
470310,5190,298,5488,0.9456997084548106
471550,2225,637,2862,0.7774283717679944
473690,7052,2800,9852,0.7157937474624442
473740,1013,127,1140,0.8885964912280702
474750,5842,754,6596,0.8856882959369314
474960,13591,2163,15754,0.8627015361178113
475150,17132,1578,18710,0.9156600748262961
475190,1303,132,1435,0.90801393728223
475550,14209,1332,15541,0.9142912296506016
476600,11857,6980,18837,0.6294526729309338
477160,111610,6456,118066,0.9453187200379449
477730,853,231,1084,0.7869003690036901
477740,2976,169,3145,0.9462639109697933
477770,1674,263,1937,0.8642230252968508
477870,995,250,1245,0.7991967871485943
480490,22182,2474,24656,0.8996593121349773
480650,3092,576,3668,0.8429661941112323
481510,10299,625,10924,0.9427865250823874
483980,2843,89,2932,0.9696452933151433
484900,1058,349,1407,0.751954513148543
485380,1535,295,1830,0.8387978142076503
485460,1450,334,1784,0.8127802690582959
485510,16930,4393,21323,0.7939783332551704
485610,1448,150,1598,0.9061326658322904
485980,2945,477,3422,0.8606078316773816
486310,4231,473,4704,0.8994472789115646
487000,1259,262,1521,0.8277449046679816
487120,3252,1468,4720,0.6889830508474576
487720,875,879,1754,0.49885974914481185
488310,2251,109,2360,0.9538135593220339
488790,12625,3002,15627,0.8078965892365777
489360,1924,320,2244,0.857397504456328
489520,1118,235,1353,0.8263118994826312
489630,3375,775,4150,0.8132530120481928
489830,86014,5256,91270,0.9424126218910923
489940,8255,5038,13293,0.6210035356954788
490920,1071,99,1170,0.9153846153846154
491040,1005,59,1064,0.9445488721804511
491530,1461,520,1981,0.7375063099444725
491950,6639,610,7249,0.9158504621327079
492720,11587,1669,13256,0.8740947495473748
493200,2577,269,2846,0.9054813773717498
493340,38010,3944,41954,0.9059922772560424
493490,10389,2464,12853,0.808293783552478
493840,874,527,1401,0.6238401142041399
493900,10457,620,11077,0.9440281664710661
494150,2484,101,2585,0.9609284332688588
494430,1204,190,1394,0.8637015781922525
495140,2509,901,3410,0.7357771260997067
495280,982,94,1076,0.912639405204461
495890,9850,478,10328,0.953718048024787
495990,875,164,1039,0.8421559191530318
496240,5084,1771,6855,0.7416484318016047
496300,6055,819,6874,0.8808553971486762
496460,2963,1601,4564,0.6492112182296231
496810,974,124,1098,0.8870673952641166
496890,2282,345,2627,0.8686714883897982
497180,2281,364,2645,0.8623818525519849
498240,7783,1704,9487,0.820385791082534
499440,3861,114,3975,0.9713207547169811
499520,4725,671,5396,0.875648628613788
500260,1219,167,1386,0.8795093795093795
500810,940,133,1073,0.8760484622553588
501080,1464,425,1889,0.7750132345156168
501300,20916,1025,21941,0.9532838065721708
501590,3975,522,4497,0.8839226150767178
502280,1444,368,1812,0.7969094922737306
502500,15428,2551,17979,0.8581122420601813
502520,5258,639,5897,0.8916398168560284
502800,3891,201,4092,0.9508797653958945
502820,772,340,1112,0.6942446043165468
503300,2729,739,3468,0.7869088811995386
503350,1770,427,2197,0.8056440600819299
503560,10088,1255,11343,0.8893590760821652
503580,855,158,1013,0.8440276406712734
503940,4647,1010,5657,0.8214601378822698
504050,1113,525,1638,0.6794871794871795
504210,2500,103,2603,0.9604302727621975
504230,41449,920,42369,0.9782860109986075
504370,18927,2629,21556,0.878038597142327
505170,1542,428,1970,0.782741116751269
505460,15416,3052,18468,0.8347411739224605
506500,1658,472,2130,0.7784037558685446
506610,6461,550,7011,0.9215518470974183
507010,2329,591,2920,0.7976027397260274
507490,1720,463,2183,0.7879065506184151
508190,1827,584,2411,0.7577768560763168
508440,71711,1429,73140,0.9804621274268526
508550,841,239,1080,0.7787037037037037
508900,5188,162,5350,0.9697196261682243
508980,940,111,1051,0.8943862987630827
509220,1283,132,1415,0.9067137809187279
509580,783,239,1022,0.7661448140900196
509980,6882,1803,8685,0.7924006908462867
510420,1218,66,1284,0.9485981308411215
510510,639,381,1020,0.6264705882352941
511470,3872,112,3984,0.9718875502008032
511680,3287,275,3562,0.9227961819202695
511740,1398,218,1616,0.8650990099009901
512250,2650,233,2883,0.9191814082552896
512790,2258,197,2455,0.9197556008146639
512900,10294,361,10655,0.9661191928671985
513230,1030,232,1262,0.8161648177496038
513510,3774,537,4311,0.8754349338900487
513710,40836,13956,54792,0.7452912833990364
514900,3133,740,3873,0.8089336431706687
515040,1372,211,1583,0.866708780795957
515180,4729,1305,6034,0.7837255551872722
515220,2998,426,3424,0.8755841121495327
516750,33061,2297,35358,0.935035918321172
517630,9206,5582,14788,0.6225317825263728
517710,2592,419,3011,0.8608435735636001
517790,1007,98,1105,0.9113122171945701
518030,4676,765,5441,0.8594008454328248
518060,802,223,1025,0.7824390243902439
518150,2894,308,3202,0.9038101186758276
518790,70944,10655,81599,0.8694224193923945
519190,5235,3080,8315,0.629585087191822
519860,12591,254,12845,0.980225768781627
520440,4717,354,5071,0.9301912837704595
520720,1061,281,1342,0.7906110283159463
521150,1576,304,1880,0.8382978723404255
521890,4895,970,5865,0.83461210571185
522470,3142,378,3520,0.8926136363636363
523000,970,78,1048,0.9255725190839694
523210,1431,171,1602,0.8932584269662921
523650,2124,968,3092,0.6869340232858991
523660,1428,143,1571,0.9089751750477403
523780,3835,215,4050,0.9469135802469136
524220,60523,10597,71120,0.8509983127109111
524580,1664,281,1945,0.8555269922879177
525360,908,243,1151,0.788879235447437
525480,1917,263,2180,0.8793577981651376
525510,2045,132,2177,0.9393661001378043
526160,3864,1517,5381,0.7180821408660101
526740,1025,459,1484,0.6907008086253369
527100,1552,452,2004,0.7744510978043913
527230,15111,1993,17104,0.883477549111319
527270,1455,216,1671,0.8707360861759426
527430,8958,3075,12033,0.7444527549239591
527450,1355,371,1726,0.7850521436848203
528230,7185,368,7553,0.951277638024626
529180,5178,4435,9613,0.538645584104858
530070,4498,1314,5812,0.7739160357880248
530320,1269,43,1312,0.9672256097560976
530890,4500,768,5268,0.8542141230068337
531510,11675,246,11921,0.9793641473030786
532110,3877,134,4011,0.9665918723510346
532210,14588,2771,17359,0.840370989112276
533300,6845,411,7256,0.9433572216097024
533540,1782,613,2395,0.7440501043841337
534550,1669,156,1825,0.9145205479452054
535230,6094,750,6844,0.8904149620105202
535480,2542,536,3078,0.8258609486679662
535930,17934,1533,19467,0.9212513484358145
536930,948,409,1357,0.6985998526160648
537110,3071,205,3276,0.9374236874236874
537340,1170,263,1433,0.8164689462665736
537800,6438,801,7239,0.8893493576460837
538070,1322,122,1444,0.9155124653739612
538100,1993,241,2234,0.8921217547000895
538680,3555,178,3733,0.9523171711759979
539720,951,167,1118,0.8506261180679785
540610,1090,160,1250,0.872
540840,1975,128,2103,0.9391345696623871
541210,2727,445,3172,0.8597099621689785
541300,1147,537,1684,0.6811163895486936
541570,9244,301,9545,0.9684651650078575
542050,1015,92,1107,0.916892502258356
543260,1325,177,1502,0.8821571238348869
543460,1649,1180,2829,0.5828914810887239
543870,1567,204,1771,0.8848108413325805
543900,1901,1075,2976,0.6387768817204301
544550,3065,565,3630,0.8443526170798898
544610,1588,264,1852,0.857451403887689
544730,463,720,1183,0.39137785291631444
544750,5216,1141,6357,0.8205128205128205
544920,1058,387,1445,0.7321799307958478
545250,524,540,1064,0.4924812030075188
546050,3415,685,4100,0.8329268292682926
546430,1192,399,1591,0.7492143306096795
547860,778,662,1440,0.5402777777777777
548430,10254,838,11092,0.92445005409304
550010,1816,236,2052,0.884990253411306
550470,706,316,1022,0.6908023483365949
550840,861,259,1120,0.76875
551730,794,207,1001,0.7932067932067932
551770,988,238,1226,0.8058727569331158
552100,19446,1587,21033,0.9245471402082441
552500,50484,10263,60747,0.8310533853523631
552520,84232,21548,105780,0.7962941955000945
552590,1845,144,1989,0.9276018099547512
552620,6720,853,7573,0.887363000132048
552700,1729,379,2108,0.8202087286527514
553310,3464,106,3570,0.9703081232492997
553520,783,324,1107,0.7073170731707317
553640,18155,1792,19947,0.9101619291121472
554310,932,103,1035,0.9004830917874396
554620,28842,2150,30992,0.9306272586473929
555150,2848,797,3645,0.7813443072702332
555160,24694,1433,26127,0.945152524208673
555220,8269,349,8618,0.9595033650498955
555440,4562,1580,6142,0.7427548029957669
555570,1069,1243,2312,0.4623702422145329
555880,1180,166,1346,0.8766716196136701
555950,3122,390,3512,0.8889521640091116
557600,9247,264,9511,0.9722426663862895
558420,2732,414,3146,0.8684043229497775
558990,3485,86,3571,0.9759171100532064
559100,2240,739,2979,0.7519301779120511
559210,3528,100,3628,0.9724366041896362
559610,1436,102,1538,0.9336801040312094
559650,8396,996,9392,0.8939522998296422
560130,8380,1293,9673,0.8663289568903132
562220,5392,248,5640,0.9560283687943263
562360,956,169,1125,0.8497777777777777
562500,1722,288,2010,0.8567164179104477
562810,3344,4315,7659,0.4366105235670453
562860,3747,206,3953,0.9478876802428535
563560,7629,527,8156,0.9353849926434527
564050,1017,85,1102,0.9228675136116152
564230,2128,228,2356,0.9032258064516129
564530,1405,154,1559,0.9012187299550994
566050,965,44,1009,0.956392467789891
566160,1786,102,1888,0.9459745762711864
566860,931,208,1139,0.8173836698858647
566990,863,138,1001,0.8621378621378621
567640,11134,1757,12891,0.8637033589325886
568090,2173,156,2329,0.9330184628595964
568220,14588,938,15526,0.939585211902615
568570,2625,857,3482,0.753877082136703
568770,2128,68,2196,0.9690346083788707
569480,17284,1468,18752,0.9217150170648464
569860,2426,172,2598,0.9337952270977675
570940,30959,4461,35420,0.8740542066629023
571260,2300,469,2769,0.8306247742867461
571310,2439,100,2539,0.9606144151240646
571740,11916,1427,13343,0.8930525369107397
571880,1208,27,1235,0.9781376518218623
572410,3127,1131,4258,0.7343823391263504
572430,1069,247,1316,0.8123100303951368
572890,3800,149,3949,0.962268928842745
573090,19139,1577,20716,0.9238752654952693
573100,4608,1171,5779,0.7973697871604084
574560,1023,183,1206,0.8482587064676617
574980,2172,145,2317,0.937419076391886
575550,3050,416,3466,0.8799769186381996
575640,4324,492,4816,0.8978405315614618
575720,832,486,1318,0.6312594840667678
576770,2016,179,2195,0.9184510250569476
577230,2003,771,2774,0.7220620043258832
577670,883,260,1143,0.7725284339457568
577690,1209,63,1272,0.9504716981132075
577800,4225,10683,14908,0.28340488328414276
577940,2768,255,3023,0.9156467085676481
578080,840606,713580,1554186,0.5408657651014743
578330,2197,372,2569,0.8551965745426235
578620,6282,357,6639,0.9462268413917758
578850,1088,110,1198,0.9081803005008348
579180,2680,417,3097,0.8653535679690023
579950,1333,201,1534,0.8689700130378096
580200,2097,450,2547,0.823321554770318
581270,1578,209,1787,0.8830442081701175
581320,57524,9095,66619,0.8634773863312268
581630,4448,799,5247,0.8477225080998666
582010,177434,27556,204990,0.865573930435631
582160,57717,9302,67019,0.8612035392948268
582270,2191,423,2614,0.8381790359602143
582500,1192,125,1317,0.9050873196659074
582550,3601,573,4174,0.8627216099664591
582660,28960,8967,37927,0.7635721253987924
583470,2106,145,2251,0.9355841848067525
583950,9261,10718,19979,0.4635367135492267
584400,14405,956,15361,0.9377644684590847
584980,5205,737,5942,0.8759676876472569
585410,1331,220,1551,0.8581560283687943
585420,8143,704,8847,0.9204250028258166
585450,1007,302,1309,0.7692895339954163
585690,750,322,1072,0.6996268656716418
585710,1032,161,1193,0.865046102263202
586140,5241,352,5593,0.9370641873770785
586200,739,350,1089,0.6786042240587695
587000,886,145,1031,0.8593598448108632
587220,1238,51,1289,0.9604344453064391
587260,891,125,1016,0.8769685039370079
587430,1442,73,1515,0.9518151815181518
587450,702,409,1111,0.6318631863186318
587620,4445,306,4751,0.9355925068406651
588030,1972,140,2112,0.9337121212121212
588040,3857,260,4117,0.9368472188486762
588210,1638,1335,2973,0.5509586276488395
588430,21481,3569,25050,0.8575249500998005
588650,77256,2370,79626,0.9702358526109562
588690,1602,93,1695,0.9451327433628318
588730,1088,29,1117,0.9740376007162042
588950,980,87,1067,0.9184629803186504
588970,1252,143,1395,0.8974910394265233
589290,13500,1499,14999,0.9000600040002666
589360,5145,984,6129,0.8394517865883505
589590,4292,199,4491,0.9556891560899577
589780,6584,420,7004,0.9400342661336379
589870,1921,270,2191,0.8767685988133272
590380,10707,664,11371,0.9416058394160584
591370,2216,449,2665,0.8315196998123827
591420,2228,249,2477,0.8994751715785224
591460,1883,105,1988,0.9471830985915493
591740,689,984,1673,0.4118350268977884
592260,1893,238,2131,0.8883153449084936
593200,1422,123,1545,0.920388349514563
593280,4454,192,4646,0.9586741282823935
593600,5290,2012,7302,0.7244590523144344
594330,4385,597,4982,0.8801686069851465
594570,68772,4508,73280,0.9384825327510917
594650,74524,13930,88454,0.842517014493409
595140,1706,140,1846,0.9241603466955579
595280,1562,379,1941,0.8047398248325606
595520,1706,277,1983,0.8603126575895108
595690,1848,502,2350,0.7863829787234042
596970,1677,305,1982,0.8461150353178607
597170,14282,407,14689,0.9722921914357683
597220,6149,154,6303,0.9755671902268761
598060,1312,208,1520,0.8631578947368421
598330,2447,666,3113,0.7860584645036942
598700,5211,508,5719,0.9111732820423151
598810,889,183,1072,0.8292910447761194
598960,1570,182,1752,0.8961187214611872
598980,3163,98,3261,0.9699478687519166
599080,1552,349,1901,0.8164124145186744
599140,17288,2850,20138,0.8584765120667395
599390,1119,84,1203,0.9301745635910225
599460,1060,255,1315,0.8060836501901141
599750,911,180,1091,0.8350137488542622
600090,892,147,1039,0.8585178055822906
600480,1852,116,1968,0.9410569105691057
600990,1462,100,1562,0.9359795134443022
601050,3184,280,3464,0.9191685912240185
601150,40316,2223,42539,0.9477420719810057
601430,11249,965,12214,0.9209923039135418
601510,7969,2563,10532,0.7566464109380935
602320,1290,124,1414,0.9123055162659123
602520,10015,285,10300,0.9723300970873786
603850,15751,2558,18309,0.8602872904036266
603960,1265,21,1286,0.9836702954898912
604240,7327,492,7819,0.937076352474741
604330,1182,31,1213,0.9744435284418796
604450,3755,362,4117,0.9120718970123877
604490,890,350,1240,0.717741935483871
605740,7796,1402,9198,0.847575559904327
606150,7582,1488,9070,0.8359426681367145
606230,1205,279,1484,0.8119946091644205
606280,6071,1938,8009,0.7580222249968785
606500,1240,510,1750,0.7085714285714285
606800,3945,914,4859,0.811895451739041
607050,2817,468,3285,0.8575342465753425
607890,3990,987,4977,0.8016877637130801
609150,739,304,1043,0.7085330776605945
609320,8091,531,8622,0.9384133611691023
609490,1027,85,1112,0.9235611510791367
610080,2266,463,2729,0.8303407841700257
610180,1454,94,1548,0.9392764857881137
610360,2056,148,2204,0.9328493647912885
611020,830,425,1255,0.6613545816733067
611500,4601,1522,6123,0.7514290380532419
611660,2582,1295,3877,0.6659788496259995
611670,4114,1330,5444,0.7556943423952975
611760,1015,10,1025,0.9902439024390244
611790,8613,1095,9708,0.8872064276885043
611980,1008,78,1086,0.9281767955801105
612020,1000,151,1151,0.8688097306689835
612070,1443,373,1816,0.7946035242290749
612470,1264,147,1411,0.8958185683912119
612880,15819,4474,20293,0.7795298871532056
613100,43742,3402,47144,0.9278381130154421
613830,4085,634,4719,0.8656495020131384
613880,627,383,1010,0.6207920792079208
614570,5177,791,5968,0.8674597855227882
615610,2750,84,2834,0.9703599153140438
616110,1859,175,2034,0.9139626352015733
616250,1122,51,1173,0.9565217391304348
616560,5589,1835,7424,0.7528286637931034
616720,2018,161,2179,0.9261128958237723
617160,2238,304,2542,0.8804091266719118
617480,1423,251,1674,0.8500597371565114
617670,7888,197,8085,0.9756338899196042
617830,4508,664,5172,0.871616395978345
618140,1262,238,1500,0.8413333333333334
618740,992,92,1084,0.915129151291513
619150,4663,408,5071,0.9195424965490041
619780,990,616,1606,0.6164383561643836
619880,862,246,1108,0.7779783393501805
619910,865,345,1210,0.7148760330578512
620590,3240,754,3994,0.8112168252378568
620980,51021,2113,53134,0.9602326194150638
621060,30731,1781,32512,0.9452202263779528
621830,1984,704,2688,0.7380952380952381
622220,2770,196,2966,0.9339177343223196
622650,7171,861,8032,0.8928037848605578
622720,897,205,1102,0.8139745916515426
623940,2746,148,2894,0.9488597097442986
624090,3151,1737,4888,0.6446399345335515
624270,1903,221,2124,0.8959510357815442
626690,10515,2626,13141,0.8001674149608097
627270,7369,1259,8628,0.8540797403801577
629730,23317,926,24243,0.9618034071690797
629910,1120,796,1916,0.5845511482254697
630100,5953,1904,7857,0.7576683212422044
631510,2697,283,2980,0.9050335570469799
632300,3729,772,4501,0.8284825594312375
632350,3266,465,3731,0.8753685339051193
632360,113051,3812,116863,0.9673806080624321
633060,818,212,1030,0.7941747572815534
633230,24951,4048,28999,0.8604089796199869
633360,992,299,1291,0.7683965917893106
633460,5310,785,6095,0.8712059064807219
634160,1356,58,1414,0.958981612446959
635200,1034,347,1381,0.7487328023171614
635260,30478,1579,32057,0.9507439872726705
635320,1811,226,2037,0.8890525282277859
635730,4525,807,5332,0.8486496624156039
636040,1043,674,1717,0.6074548631333722
636480,40454,1250,41704,0.9700268559370804
637090,13677,2941,16618,0.8230232278252497
637100,2781,1552,4333,0.6418186014308793
637650,24128,5226,29354,0.8219663418954827
637670,1224,544,1768,0.6923076923076923
637850,3357,209,3566,0.9413909141895681
638650,1111,268,1379,0.8056562726613488
638970,33676,1874,35550,0.9472855133614627
639170,1210,120,1330,0.9097744360902256
639780,1860,108,1968,0.9451219512195121
639790,7027,253,7280,0.9652472527472528
640820,15999,4346,20345,0.7863848611452445
641080,1217,659,1876,0.6487206823027718
641780,1875,331,2206,0.8499546690843155
641960,1129,277,1406,0.8029871977240398
641990,15332,1639,16971,0.9034234871250958
642090,1008,45,1053,0.9572649572649573
644290,722,426,1148,0.6289198606271778
644390,1014,66,1080,0.9388888888888889
644560,68340,2227,70567,0.9684413394362804
644570,7986,695,8681,0.9199400990669278
644930,28034,4943,32977,0.8501076507869121
645090,2126,148,2274,0.9349164467897977
645630,33876,3673,37549,0.902181149964047
646200,852,199,1051,0.8106565176022835
646270,1439,201,1640,0.8774390243902439
646570,86226,1819,88045,0.9793401101709354
646910,38363,7801,46164,0.8310155099211507
647830,3544,559,4103,0.8637582256885206
647960,1981,51,2032,0.9749015748031497
648350,35608,5891,41499,0.8580447721631846
648390,3763,206,3969,0.9480977576215671
648800,118923,8756,127679,0.9314217686542031
650000,963,706,1669,0.5769922109047334
650700,1779,166,1945,0.9146529562982005
650760,1394,426,1820,0.765934065934066
652980,5783,936,6719,0.8606935555886293
653530,13291,450,13741,0.967251291754603
654880,3867,371,4238,0.9124587069372345
654990,844,619,1463,0.5768967874231032
656200,718,631,1349,0.5322461082283173
656240,1237,1194,2431,0.5088440970793912
657200,21439,3984,25423,0.8432915076898871
658560,1604,70,1674,0.9581839904420549
658570,895,185,1080,0.8287037037037037
658850,4798,323,5121,0.9369263815661004
660880,2848,331,3179,0.8958792072978924
661790,1502,192,1694,0.8866587957497049
663380,1128,426,1554,0.7258687258687259
663390,1091,1113,2204,0.49500907441016334
664430,800,719,1519,0.5266622778143516
664830,1168,129,1297,0.9005397070161912
665090,1366,417,1783,0.7661245092540662
665180,4136,484,4620,0.8952380952380953
665300,992,43,1035,0.9584541062801932
665360,5139,1639,6778,0.7581882561227501
665490,983,143,1126,0.8730017761989343
666140,25214,1904,27118,0.9297883324728963
666220,4875,579,5454,0.8938393839383938
667600,1403,99,1502,0.9340878828229028
667720,1733,445,2178,0.7956841138659321
667890,1897,746,2643,0.7177449867574726
667970,3974,109,4083,0.973303943179035
668210,963,93,1056,0.9119318181818182
668630,19189,1866,21055,0.9113749703158395
671440,2037,588,2625,0.776
671510,3953,1752,5705,0.6929009640666083
672630,1418,268,1686,0.8410438908659549
673000,886,134,1020,0.8686274509803922
673130,3885,165,4050,0.9592592592592593
673610,4370,785,5155,0.8477206595538312
673750,1929,259,2188,0.8816270566727605
673880,6503,482,6985,0.9309949892627059
673950,11248,712,11960,0.9404682274247491
674020,11064,6674,17738,0.6237456308490247
674400,852,533,1385,0.6151624548736462
674520,1555,109,1664,0.9344951923076923
674750,1243,239,1482,0.8387314439946019
674940,65425,4429,69854,0.9365963294872162
675010,16786,2050,18836,0.8911658526226375
675260,4573,480,5053,0.9050069265782703
676820,1108,57,1165,0.9510729613733906
677120,4838,594,5432,0.8906480117820325
677160,2964,730,3694,0.8023822414726584
678800,2086,501,2587,0.8063393892539621
678950,30034,3237,33271,0.9027080640798293
679260,925,663,1588,0.5824937027707808
680320,1290,196,1486,0.8681022880215343
680360,1511,247,1758,0.8594994311717861
681280,7294,351,7645,0.9540876389797253
681660,2915,4463,7378,0.39509352127947955
682130,1773,186,1959,0.9050535987748851
683320,41376,1344,42720,0.9685393258426966
683900,954,132,1086,0.8784530386740331
684410,2976,285,3261,0.9126034958601656
684580,838,534,1372,0.6107871720116618
686190,822,294,1116,0.7365591397849462
686200,5678,301,5979,0.9496571332998829
688130,2591,428,3019,0.8582312023848957
688420,4237,354,4591,0.9228926159878023
688470,1185,653,1838,0.6447225244831338
690040,5249,815,6064,0.8656002638522428
690510,1097,349,1446,0.7586445366528354
690530,4742,1509,6251,0.7585986242201248
690790,15482,2565,18047,0.8578711143126282
690830,7902,1231,9133,0.8652140589072594
691450,1093,30,1123,0.9732858414959928
691690,1852,596,2448,0.7565359477124183
694720,444,584,1028,0.43190661478599224
695290,1151,418,1569,0.7335882727852135
695920,1067,201,1268,0.8414826498422713
696170,2414,623,3037,0.7948633519920975
696370,1114,255,1369,0.8137326515704895
697550,886,139,1025,0.864390243902439
698640,1068,350,1418,0.7531734837799718
699170,3236,342,3578,0.9044158747903857
700030,1405,1723,3128,0.4491687979539642
700330,19534,3621,23155,0.8436190887497301
701160,7805,819,8624,0.9050324675324676
702670,4605,552,5157,0.8929610238510762
702810,919,86,1005,0.9144278606965174
702890,1912,450,2362,0.8094834885690093
703700,2804,709,3513,0.798178195274694
704030,733,310,1043,0.7027804410354745
704270,10525,4040,14565,0.7226227257123241
704450,4088,555,4643,0.8804652164548783
704850,11924,1854,13778,0.8654376542313834
705120,2597,270,2867,0.9058249040809209
705220,3480,387,3867,0.899922420480993
706990,2703,1084,3787,0.7137575917612886
707010,1310,568,1878,0.6975505857294995
711660,1651,405,2056,0.8030155642023347
711990,1903,145,2048,0.92919921875
712050,2523,320,2843,0.8874428420682378
712100,6265,3022,9287,0.6745989016905352
712730,1887,133,2020,0.9341584158415842
712840,5511,290,5801,0.9500086192035856
715560,3301,399,3700,0.8921621621621622
718560,2012,227,2239,0.8986154533273782
718590,1133,317,1450,0.7813793103448275
718650,835,270,1105,0.755656108597285
718670,4239,894,5133,0.82583284628872
719890,3014,999,4013,0.7510590580613008
720250,1453,239,1692,0.8587470449172577
720280,2901,470,3371,0.8605754968851973
722060,1395,78,1473,0.9470468431771895
722180,1029,201,1230,0.8365853658536585
722960,1263,250,1513,0.8347653668208856
723090,1536,54,1590,0.9660377358490566
723390,739,1189,1928,0.383298755186722
723780,2012,1610,3622,0.5554942020982883
725480,2202,103,2305,0.9553145336225597
726360,1447,415,1862,0.7771213748657357
727850,1057,138,1195,0.8845188284518829
728540,2497,2449,4946,0.5048524059846341
728880,22437,2321,24758,0.9062525244365458
729040,7291,1155,8446,0.8632488752071987
730310,1837,3974,5811,0.3161245912923765
730820,1394,35,1429,0.9755073477956613
731490,7257,487,7744,0.9371126033057852
732370,2537,344,2881,0.8805970149253731
732430,8796,307,9103,0.9662748544435901
733070,1416,68,1484,0.954177897574124
733790,1104,165,1269,0.8699763593380615
733990,1223,99,1322,0.9251134644478064
734750,1041,268,1309,0.7952635599694423
735280,835,194,1029,0.8114674441205053
736220,10388,2432,12820,0.8102964118564743
736260,12498,225,12723,0.9823154916293327
736850,935,250,1185,0.7890295358649789
737800,4027,547,4574,0.880411018801924
738520,9087,1484,10571,0.8596159303755557
738530,618,710,1328,0.46536144578313254
738540,1924,412,2336,0.8236301369863014
741260,711,561,1272,0.5589622641509434
742120,5339,872,6211,0.8596039285139269
742300,2235,209,2444,0.9144844517184942
743390,1909,67,1976,0.9660931174089069
743450,7732,532,8264,0.9356243949661182
743640,1347,253,1600,0.841875
743890,1434,462,1896,0.7563291139240507
744060,859,360,1219,0.70467596390484
744190,2480,134,2614,0.9487375669472073
744900,4814,2179,6993,0.6884026884026884
747340,846,187,1033,0.818973862536302
748360,1082,350,1432,0.755586592178771
748370,848,333,1181,0.7180355630821338
748490,1781,104,1885,0.9448275862068966
750920,37801,6487,44288,0.8535269147398844
751440,1090,316,1406,0.7752489331436699
751780,20919,1813,22732,0.9202445891254619
753420,5848,515,6363,0.9190633349049191
755500,1044,299,1343,0.7773641102010425
758190,4916,556,5472,0.8983918128654971
758370,1316,138,1454,0.9050894085281981
758870,967,122,1089,0.8879706152433425
758990,1383,90,1473,0.9389002036659878
759740,2586,512,3098,0.8347320852162685
760060,9834,1047,10881,0.9037772263578715
761600,1041,73,1114,0.9344703770197487
761620,3424,446,3870,0.8847545219638243
761890,1241,484,1725,0.7194202898550724
763410,1656,310,1966,0.8423194303153612
764790,5374,306,5680,0.9461267605633803
765410,4316,232,4548,0.9489885664028144
766280,1232,76,1308,0.9418960244648318
766370,719,382,1101,0.6530426884650318
766570,2103,1062,3165,0.6644549763033175
767560,756,929,1685,0.44866468842729973
770240,1759,1470,3229,0.544750696810158
773951,7648,2211,9859,0.7757379044527842
774201,1065,106,1171,0.9094790777113578
774461,1261,98,1359,0.927888153053716
774861,10463,1650,12113,0.8637827127879139
775940,1328,199,1527,0.8696791093647676
776490,2335,375,2710,0.8616236162361623
778700,2504,698,3202,0.7820112429731418
784150,8572,738,9310,0.9207303974221267
785740,2940,873,3813,0.7710464201416207
786520,1944,301,2245,0.865924276169265
787480,10491,235,10726,0.9780906209211262
787860,46019,3020,49039,0.9384163624870001
788770,2271,88,2359,0.9626960576515473
788880,875,1009,1884,0.46443736730360935
789760,1930,310,2240,0.8616071428571429
790740,5224,659,5883,0.8879823219445862
790820,3387,464,3851,0.8795118151129576
791330,1198,197,1395,0.8587813620071685
792100,1052,74,1126,0.9342806394316163
793350,1308,47,1355,0.9653136531365314
794260,10694,3634,14328,0.7463707426018984
794800,1404,196,1600,0.8775
799070,3018,107,3125,0.96576
800270,2274,805,3079,0.7385514777525171
801630,1870,118,1988,0.9406438631790744
802200,1028,153,1181,0.8704487722269263
802870,1220,39,1259,0.9690230341540905
802890,1342,55,1397,0.9606299212598425
803600,1985,263,2248,0.8830071174377224
803980,785,391,1176,0.6675170068027211
804490,872,216,1088,0.8014705882352942
805550,11072,1181,12253,0.9036154411164613
805850,1594,455,2049,0.7779404587603709
805940,2042,589,2631,0.7761307487647282
808910,1137,158,1295,0.877992277992278
809140,2867,395,3262,0.8789086450030656
810670,1097,275,1372,0.7995626822157434
812040,814,249,1063,0.7657572906867357
812140,90313,10531,100844,0.8955713775732815
813630,6848,257,7105,0.9638282899366644
814380,106909,6149,113058,0.9456119867678536
814540,6250,519,6769,0.923326931599941
815370,26876,3824,30700,0.8754397394136808
815780,4134,322,4456,0.927737881508079
816020,10055,3644,13699,0.7339951821300825
816090,3976,1494,5470,0.7268738574040219
816340,3677,175,3852,0.9545690550363447
817130,1942,709,2651,0.7325537533006413
817510,800,305,1105,0.7239819004524887
819500,936,836,1772,0.5282167042889391
822240,409,1278,1687,0.24244220509780676
823130,13251,1797,15048,0.8805821371610846
824270,18980,1484,20464,0.9274824081313526
825310,767,670,1437,0.5337508698677801
825630,3353,131,3484,0.9623995407577497
828070,1563,164,1727,0.905037637521714
829110,2230,235,2465,0.9046653144016227
829590,2735,630,3365,0.812778603268945
831560,2857,470,3327,0.8587315900210399
831980,938,80,1018,0.9214145383104125
833040,972,63,1035,0.9391304347826087
834530,7314,526,7840,0.9329081632653061
834740,2356,295,2651,0.8887212372689551
834910,15808,18341,34149,0.46291253038156316
838310,2634,156,2790,0.9440860215053763
838380,2230,833,3063,0.7280444009141365
839630,784,409,1193,0.6571668063704945
840010,1376,138,1514,0.9088507265521797
840140,1123,1268,2391,0.4696779590129653
840720,1015,218,1233,0.8231954582319546
840800,3119,1827,4946,0.6306105944197331
841370,6242,9431,15673,0.3982645313596631
843380,6116,270,6386,0.9577200125274037
844590,1919,45,1964,0.9770875763747454
844850,977,304,1281,0.7626854020296643
844930,3283,89,3372,0.9736061684460261
845070,8077,667,8744,0.9237191216834401
846110,1060,138,1198,0.8848080133555927
846470,1917,112,2029,0.944800394282898
847370,5805,624,6429,0.9029398040130658
848350,2501,200,2701,0.9259533506108849
848450,51320,4659,55979,0.9167723610639704
850000,1442,65,1507,0.9568679495686795
851100,9814,213,10027,0.978757355141119
853550,2039,149,2188,0.9319012797074955
853770,2430,242,2672,0.9094311377245509
855860,1640,156,1796,0.9131403118040089
858210,5004,121,5125,0.976390243902439
858810,11101,1620,12721,0.8726515211068312
859680,993,39,1032,0.9622093023255814
860890,2740,249,2989,0.9166945466711275
860950,3559,133,3692,0.96397616468039
863550,24680,2147,26827,0.9199686882618258
863570,971,205,1176,0.8256802721088435
863590,1161,97,1258,0.9228934817170111
865090,976,129,1105,0.8832579185520362
866440,1824,78,1902,0.9589905362776026
868360,3959,566,4525,0.8749171270718232
868520,1373,54,1427,0.9621583742116327
869760,1515,175,1690,0.8964497041420119
870200,1227,100,1327,0.9246420497362472
872790,6169,1107,7276,0.8478559648158329
873240,1027,135,1162,0.8838209982788297
876650,973,50,1023,0.9511241446725318
877200,2306,490,2796,0.8247496423462088
878380,902,279,1181,0.7637595258255715
878750,8759,610,9369,0.9348916639982923
879160,2395,1012,3407,0.7029644848840623
880940,23951,2633,26584,0.9009554619319892
883710,63881,1798,65679,0.972624430944442
884260,1606,57,1663,0.9657245941070355
885810,1500,44,1544,0.9715025906735751
888090,1119,69,1188,0.9419191919191919
888790,1507,29,1536,0.9811197916666666
889510,1207,89,1296,0.9313271604938271
893030,2725,342,3067,0.8884903814802739
893180,4529,534,5063,0.8945289354137863
893680,2102,273,2375,0.8850526315789473
896160,1144,334,1478,0.774018944519621
899440,4278,918,5196,0.8233256351039261
899970,2559,55,2614,0.9789594491201224
900270,5294,279,5573,0.9499371972007895
905370,689,311,1000,0.689
907470,1797,234,2031,0.8847858197932054
911400,2857,2336,5193,0.5501636818794531
914260,1438,258,1696,0.847877358490566
914620,6577,1536,8113,0.8106742265499816
915460,1509,128,1637,0.921808185705559
919370,1983,516,2499,0.7935174069627852
920690,1118,636,1754,0.637400228050171
921060,589,774,1363,0.43213499633162145
921590,620,1005,1625,0.38153846153846155
921630,3067,2302,5369,0.5712423170050289
926140,1326,97,1423,0.9318341531974701
927250,2284,370,2654,0.8605877920120573
927890,3388,188,3576,0.9474272930648769
931500,1401,83,1484,0.9440700808625337
932850,915,100,1015,0.9014778325123153
934840,1269,66,1335,0.950561797752809
935270,910,139,1049,0.8674928503336511
935880,1831,151,1982,0.9238143289606459
938220,819,281,1100,0.7445454545454545
939400,6663,251,6914,0.9636968469771479
939520,996,744,1740,0.5724137931034483
939960,14922,4415,19337,0.7716812328696282
942970,20713,732,21445,0.9658661692702262
943380,2205,159,2364,0.932741116751269
944220,1134,53,1187,0.9553496208930076
945360,489947,38551,528498,0.9270555423104723
947300,1019,117,1136,0.8970070422535211
950100,423,637,1060,0.39905660377358493
951000,1194,68,1262,0.9461172741679873
951180,896,182,1078,0.8311688311688312
951440,3040,485,3525,0.8624113475177305
952040,3045,437,3482,0.8744974152785755
953580,1079,609,1688,0.639218009478673
957790,854,244,1098,0.7777777777777778
960090,129983,3339,133322,0.9749553712065525
962400,1069,113,1182,0.9043993231810491
962730,12710,1906,14616,0.8695949644225506
963000,1137,50,1187,0.95787700084246
963690,2909,193,3102,0.9377820760799485
963710,1888,106,1994,0.9468405215646941
963930,1516,319,1835,0.826158038147139
966330,2197,459,2656,0.827183734939759
967050,19765,2541,22306,0.886084461579844
967250,2295,365,2660,0.8627819548872181
968250,1744,136,1880,0.9276595744680851
970570,1520,98,1618,0.9394313967861557
973760,10208,1182,11390,0.8962247585601405
976010,993,73,1066,0.9315196998123827
977950,28766,1885,30651,0.9385011908257479
980300,3039,95,3134,0.9696873005743459
992300,15069,2264,17333,0.8693821035019904
994220,2254,395,2649,0.850887127217818
995460,1925,51,1976,0.9741902834008097
996380,680,580,1260,0.5396825396825397
998930,3009,717,3726,0.8075684380032206
1000080,823,337,1160,0.7094827586206897
1004240,2987,141,3128,0.954923273657289
1004270,886,385,1271,0.6970889063729347
1008710,1828,446,2274,0.8038698328935796
1021950,2966,301,3267,0.9078665442301805
1025250,1002,94,1096,0.9142335766423357
1025580,1211,739,1950,0.6210256410256411
1029630,661,414,1075,0.6148837209302326
1031480,1596,36,1632,0.9779411764705882
1032430,1000,336,1336,0.7485029940119761
1046030,12334,625,12959,0.9517709699822517
1048100,2055,499,2554,0.8046202036021927
1051310,2396,367,2763,0.8671733622873689
1053680,2082,184,2266,0.9187996469549867
1055430,1045,77,1122,0.9313725490196079
1058430,1337,218,1555,0.8598070739549839
